 IDnum	freq	P(case)	P(+incident)
1	1	0.0444775	1
2	1	0.113377	1
3	1	0.0300151	1
4	1	0.111228	0
5	1	0.1049	0
6	1	0.101075	0
7	1	0.110914	1
8	1	0.101075	0
9	1	0.0444775	1
10	1	0.110914	1
11	1	0.0167767	1
12	1	0.133493	1
13	1	0.111228	0
14	1	0.1049	0
15	1	0.107614	0
16	1	0.133493	1
17	1	0.133493	1
18	1	0.111228	0
19	1	0.133493	1
20	1	0.120852	0
21	1	0.110914	1
22	1	0.101075	0
23	1	0.0167767	1
24	1	0.107614	0
25	1	0.111228	0
26	1	0.133493	1
27	1	0.0444775	1
28	1	0.107614	0
29	1	0.120852	0
30	1	0.133493	1
31	1	0.107614	0
32	1	0.101075	0
33	1	0.133493	1
34	1	0.133493	1
35	1	0.111228	0
36	1	0.120852	0
37	1	0.1049	0
38	1	0.133493	1
39	1	0.1049	0
40	1	0.133493	1
41	1	0.111228	0
42	1	0.113377	1
43	1	0.101075	0
44	1	0.113377	1
45	1	0.120852	0
46	1	0.110914	1
47	1	0.0167767	1
48	1	0.101075	0
49	1	0.133493	1
50	1	0.101075	0
51	1	0.101075	0
52	1	0.133493	1
53	1	0.113377	1
54	1	0.107614	0
55	1	0.0444775	1
56	1	0.0167767	1
57	1	0.0300151	1
58	1	0.133493	1
59	1	0.111228	0
60	1	0.1049	0
61	1	0.111228	0
62	1	0.101075	0
63	1	0.1049	0
64	1	0.111228	0
65	1	0.107614	0
66	1	0.111228	0
67	1	0.110914	1
68	1	0.0167767	1
69	1	0.0300151	1
70	1	0.113377	1
71	1	0.1049	0
72	1	0.111228	0
73	1	0.0167767	1
74	1	0.0444775	1
75	1	0.110914	1
76	1	0.0300151	1
77	1	0.120852	0
78	1	0.110914	1
79	1	0.113377	1
80	1	0.133493	1
81	1	0.111228	0
82	1	0.111228	0
83	1	0.133493	1
84	1	0.101075	0
85	1	0.101075	0
86	1	0.120852	0
87	1	0.133493	1
88	1	0.133493	1
89	1	0.110914	1
90	1	0.110914	1
91	1	0.0300151	1
92	1	0.0167767	1
93	1	0.0444775	1
94	1	0.101075	0
95	1	0.133493	1
96	1	0.0444775	1
97	1	0.120852	0
98	1	0.1049	0
99	1	0.0300151	1
100	1	0.120852	0
101	1	0.113377	1
102	1	0.133493	1
103	1	0.110914	1
104	1	0.0444775	1
105	1	0.120852	0
106	1	0.133493	1
107	1	0.133493	1
108	1	0.101075	0
109	1	0.111228	0
110	1	0.1049	0
111	1	0.110914	1
112	1	0.101075	0
113	1	0.133493	1
114	1	0.120852	0
115	1	0.1049	0
116	1	0.107614	0
117	1	0.0167767	1
118	1	0.1049	0
119	1	0.107614	0
120	1	0.111228	0
121	1	0.107614	0
122	1	0.101075	0
123	1	0.133493	1
124	1	0.120852	0
125	1	0.110914	1
126	1	0.107614	0
127	1	0.120852	0
128	1	0.120852	0
129	1	0.110914	1
130	1	0.111228	0
131	1	0.113377	1
132	1	0.113377	1
133	1	0.111228	0
134	1	0.101075	0
135	1	0.111228	0
136	1	0.111228	0
137	1	0.107614	0
138	1	0.107614	0
139	1	0.107614	0
140	1	0.101075	0
141	1	0.111228	0
142	1	0.133493	1
143	1	0.107614	0
144	1	0.107614	0
145	1	0.110914	1
146	1	0.120852	0
147	1	0.133493	1
148	1	0.111228	0
149	1	0.111228	0
150	1	0.110914	1
151	1	0.120852	0
152	1	0.133493	1
153	1	0.107614	0
154	1	0.111228	0
155	1	0.0300151	1
156	1	0.1049	0
157	1	0.120852	0
158	1	0.111228	0
159	1	0.120852	0
160	1	0.133493	1
161	1	0.120852	0
162	1	0.101075	0
163	1	0.1049	0
164	1	0.113377	1
165	1	0.120852	0
166	1	0.133493	1
167	1	0.113377	1
168	1	0.113377	1
169	1	0.110914	1
170	1	0.0444775	1
171	1	0.0300151	1
172	1	0.111228	0
173	1	0.101075	0
174	1	0.111228	0
175	1	0.120852	0
176	1	0.111228	0
177	1	0.110914	1
178	1	0.133493	1
179	1	0.113377	1
180	1	0.107614	0
181	1	0.110914	1
182	1	0.113377	1
183	1	0.113377	1
184	1	0.113377	1
185	1	0.133493	1
186	1	0.107614	0
187	1	0.0300151	1
188	1	0.133493	1
189	1	0.111228	0
190	1	0.133493	1
191	1	0.1049	0
192	1	0.101075	0
193	1	0.101075	0
194	1	0.101075	0
195	1	0.113377	1
196	1	0.133493	1
197	1	0.107614	0
198	1	0.133493	1
199	1	0.107614	0
200	1	0.113377	1
201	1	0.133493	1
202	1	0.110914	1
203	1	0.1049	0
204	1	0.120852	0
205	1	0.133493	1
206	1	0.111228	0
207	1	0.133493	1
208	1	0.120852	0
209	1	0.0300151	1
210	1	0.0444775	1
211	1	0.120852	0
212	1	0.107614	0
213	1	0.133493	1
214	1	0.111228	0
215	1	0.113377	1
216	1	0.107614	0
217	1	0.1049	0
218	1	0.107614	0
219	1	0.133493	1
220	1	0.133493	1
221	1	0.107614	0
222	1	0.120852	0
223	1	0.113377	1
224	1	0.0300151	1
225	1	0.101075	0
226	1	0.110914	1
227	1	0.111228	0
228	1	0.101075	0
229	1	0.110914	1
230	1	0.113377	1
231	1	0.133493	1
232	1	0.0444775	1
233	1	0.133493	1
234	1	0.133493	1
235	1	0.133493	1
236	1	0.1049	0
237	1	0.1049	0
238	1	0.133493	1
239	1	0.120852	0
240	1	0.110914	1
241	1	0.107614	0
242	1	0.133493	1
243	1	0.120852	0
244	1	0.133493	1
245	1	0.120852	0
246	1	0.101075	0
247	1	0.0167767	1
248	1	0.107614	0
249	1	0.113377	1
250	1	0.133493	1
251	1	0.133493	1
252	1	0.1049	0
253	1	0.120852	0
254	1	0.133493	1
255	1	0.133493	1
256	1	0.120852	0
257	1	0.120852	0
258	1	0.120852	0
259	1	0.113377	1
260	1	0.0444775	1
261	1	0.133493	1
262	1	0.0444775	1
263	1	0.120852	0
264	1	0.0444775	1
265	1	0.101075	0
266	1	0.0300151	1
267	1	0.133493	1
268	1	0.0300151	1
269	1	0.1049	0
270	1	0.120852	0
271	1	0.120852	0
272	1	0.120852	0
273	1	0.111228	0
274	1	0.101075	0
275	1	0.133493	1
276	1	0.110914	1
277	1	0.120852	0
278	1	0.1049	0
279	1	0.133493	1
280	1	0.0167767	1
281	1	0.113377	1
282	1	0.110914	1
283	1	0.101075	0
284	1	0.0444775	1
285	1	0.113377	1
286	1	0.101075	0
287	1	0.111228	0
288	1	0.0300151	1
289	1	0.113377	1
290	1	0.111228	0
291	1	0.0444775	1
292	1	0.0444775	1
293	1	0.0300151	1
294	1	0.101075	0
295	1	0.113377	1
296	1	0.110914	1
297	1	0.110914	1
298	1	0.113377	1
299	1	0.101075	0
300	1	0.0444775	1
301	1	0.1049	0
302	1	0.113377	1
303	1	0.133493	1
304	1	0.133493	1
305	1	0.1049	0
306	1	0.133493	1
307	1	0.1049	0
308	1	0.133493	1
309	1	0.0444775	1
310	1	0.133493	1
311	1	0.0167767	1
312	1	0.111228	0
313	1	0.110914	1
314	1	0.133493	1
315	1	0.113377	1
316	1	0.111228	0
317	1	0.111228	0
318	1	0.133493	1
319	1	0.113377	1
320	1	0.133493	1
321	1	0.111228	0
322	1	0.113377	1
323	1	0.111228	0
324	1	0.0444775	1
325	1	0.107614	0
326	1	0.133493	1
327	1	0.120852	0
328	1	0.120852	0
329	1	0.111228	0
330	1	0.101075	0
331	1	0.111228	0
332	1	0.110914	1
333	1	0.113377	1
334	1	0.120852	0
335	1	0.101075	0
336	1	0.107614	0
337	1	0.133493	1
338	1	0.0444775	1
339	1	0.133493	1
340	1	0.1049	0
341	1	0.1049	0
342	1	0.113377	1
343	1	0.120852	0
344	1	0.110914	1
345	1	0.110914	1
346	1	0.110914	1
347	1	0.1049	0
348	1	0.101075	0
349	1	0.120852	0
350	1	0.1049	0
351	1	0.133493	1
352	1	0.120852	0
353	1	0.0444775	1
354	1	0.133493	1
355	1	0.133493	1
356	1	0.113377	1
357	1	0.107614	0
358	1	0.0444775	1
359	1	0.107614	0
360	1	0.111228	0
361	1	0.107614	0
362	1	0.0300151	1
363	1	0.133493	1
364	1	0.0444775	1
365	1	0.120852	0
366	1	0.101075	0
367	1	0.110914	1
368	1	0.101075	0
369	1	0.133493	1
370	1	0.1049	0
371	1	0.0167767	1
372	1	0.107614	0
373	1	0.0444775	1
374	1	0.113377	1
375	1	0.120852	0
376	1	0.107614	0
377	1	0.110914	1
378	1	0.113377	1
379	1	0.113377	1
380	1	0.111228	0
381	1	0.107614	0
382	1	0.133493	1
383	1	0.113377	1
384	1	0.1049	0
385	1	0.113377	1
386	1	0.0444775	1
387	1	0.120852	0
388	1	0.120852	0
389	1	0.111228	0
390	1	0.110914	1
391	1	0.120852	0
392	1	0.113377	1
393	1	0.1049	0
394	1	0.111228	0
395	1	0.1049	0
396	1	0.107614	0
397	1	0.111228	0
398	1	0.101075	0
399	1	0.107614	0
400	1	0.120852	0
401	1	0.107614	0
402	1	0.110914	1
403	1	0.120852	0
404	1	0.133493	1
405	1	0.113377	1
406	1	0.1049	0
407	1	0.120852	0
408	1	0.111228	0
409	1	0.107614	0
410	1	0.133493	1
411	1	0.133493	1
412	1	0.101075	0
413	1	0.113377	1
414	1	0.113377	1
415	1	0.110914	1
416	1	0.133493	1
417	1	0.0167767	1
418	1	0.1049	0
419	1	0.133493	1
420	1	0.133493	1
421	1	0.113377	1
422	1	0.107614	0
423	1	0.110914	1
424	1	0.101075	0
425	1	0.1049	0
426	1	0.110914	1
427	1	0.110914	1
428	1	0.120852	0
429	1	0.1049	0
430	1	0.120852	0
431	1	0.101075	0
432	1	0.107614	0
433	1	0.113377	1
434	1	0.113377	1
435	1	0.1049	0
436	1	0.113377	1
437	1	0.101075	0
438	1	0.113377	1
439	1	0.113377	1
440	1	0.120852	0
441	1	0.1049	0
442	1	0.1049	0
443	1	0.120852	0
444	1	0.0300151	1
445	1	0.133493	1
446	1	0.120852	0
447	1	0.133493	1
448	1	0.111228	0
449	1	0.111228	0
450	1	0.0444775	1
451	1	0.111228	0
452	1	0.133493	1
453	1	0.111228	0
454	1	0.120852	0
455	1	0.133493	1
456	1	0.0444775	1
457	1	0.107614	0
458	1	0.1049	0
459	1	0.101075	0
460	1	0.0300151	1
461	1	0.101075	0
462	1	0.0444775	1
463	1	0.101075	0
464	1	0.133493	1
465	1	0.111228	0
466	1	0.110914	1
467	1	0.111228	0
468	1	0.133493	1
469	1	0.101075	0
470	1	0.120852	0
471	1	0.101075	0
472	1	0.111228	0
473	1	0.120852	0
474	1	0.107614	0
475	1	0.133493	1
476	1	0.101075	0
477	1	0.107614	0
478	1	0.1049	0
479	1	0.101075	0
480	1	0.0444775	1
481	1	0.111228	0
482	1	0.133493	1
483	1	0.133493	1
484	1	0.110914	1
485	1	0.107614	0
486	1	0.133493	1
487	1	0.120852	0
488	1	0.1049	0
489	1	0.110914	1
490	1	0.107614	0
491	1	0.1049	0
492	1	0.111228	0
493	1	0.133493	1
494	1	0.113377	1
495	1	0.101075	0
496	1	0.1049	0
497	1	0.1049	0
498	1	0.1049	0
499	1	0.107614	0
500	1	0.1049	0
501	1	0.0300151	1
502	1	0.1049	0
503	1	0.107614	0
504	1	0.101075	0
505	1	0.1049	0
506	1	0.0167767	1
507	1	0.110914	1
508	1	0.101075	0
509	1	0.133493	1
510	1	0.113377	1
511	1	0.133493	1
512	1	0.101075	0
513	1	0.110914	1
514	1	0.107614	0
515	1	0.1049	0
516	1	0.1049	0
517	1	0.113377	1
518	1	0.110914	1
519	1	0.101075	0
520	1	0.113377	1
521	1	0.113377	1
522	1	0.133493	1
523	1	0.133493	1
524	1	0.120852	0
525	1	0.120852	0
526	1	0.111228	0
527	1	0.120852	0
528	1	0.120852	0
529	1	0.107614	0
530	1	0.1049	0
531	1	0.113377	1
532	1	0.133493	1
533	1	0.111228	0
534	1	0.133493	1
535	1	0.133493	1
536	1	0.111228	0
537	1	0.107614	0
538	1	0.120852	0
539	1	0.113377	1
540	1	0.0444775	1
541	1	0.120852	0
542	1	0.111228	0
543	1	0.1049	0
544	1	0.133493	1
545	1	0.107614	0
546	1	0.113377	1
547	1	0.110914	1
548	1	0.107614	0
549	1	0.113377	1
550	1	0.1049	0
551	1	0.101075	0
552	1	0.111228	0
553	1	0.120852	0
554	1	0.113377	1
555	1	0.0444775	1
556	1	0.113377	1
557	1	0.113377	1
558	1	0.110914	1
559	1	0.133493	1
560	1	0.101075	0
561	1	0.110914	1
562	1	0.107614	0
563	1	0.120852	0
564	1	0.1049	0
565	1	0.120852	0
566	1	0.110914	1
567	1	0.133493	1
568	1	0.133493	1
569	1	0.133493	1
570	1	0.133493	1
571	1	0.110914	1
572	1	0.113377	1
573	1	0.107614	0
574	1	0.0300151	1
575	1	0.133493	1
576	1	0.1049	0
577	1	0.107614	0
578	1	0.111228	0
579	1	0.0167767	1
580	1	0.1049	0
581	1	0.133493	1
582	1	0.0300151	1
583	1	0.133493	1
584	1	0.0167767	1
585	1	0.113377	1
586	1	0.111228	0
587	1	0.1049	0
588	1	0.101075	0
589	1	0.1049	0
590	1	0.110914	1
591	1	0.0444775	1
592	1	0.110914	1
593	1	0.120852	0
594	1	0.101075	0
595	1	0.0300151	1
596	1	0.0167767	1
597	1	0.0300151	1
598	1	0.113377	1
599	1	0.1049	0
600	1	0.0444775	1
601	1	0.110914	1
602	1	0.0300151	1
603	1	0.133493	1
604	1	0.101075	0
605	1	0.1049	0
606	1	0.0444775	1
607	1	0.120852	0
608	1	0.0167767	1
609	1	0.110914	1
610	1	0.0300151	1
611	1	0.1049	0
612	1	0.133493	1
613	1	0.133493	1
614	1	0.110914	1
615	1	0.0300151	1
616	1	0.110914	1
617	1	0.110914	1
618	1	0.1049	0
619	1	0.110914	1
620	1	0.1049	0
621	1	0.133493	1
622	1	0.133493	1
623	1	0.113377	1
624	1	0.101075	0
625	1	0.133493	1
626	1	0.113377	1
627	1	0.111228	0
628	1	0.113377	1
629	1	0.120852	0
630	1	0.0300151	1
631	1	0.113377	1
632	1	0.110914	1
633	1	0.107614	0
634	1	0.113377	1
635	1	0.113377	1
636	1	0.110914	1
637	1	0.133493	1
638	1	0.0444775	1
639	1	0.113377	1
640	1	0.0167767	1
641	1	0.120852	0
642	1	0.107614	0
643	1	0.111228	0
644	1	0.133493	1
645	1	0.113377	1
646	1	0.107614	0
647	1	0.133493	1
648	1	0.133493	1
649	1	0.110914	1
650	1	0.101075	0
651	1	0.113377	1
652	1	0.101075	0
653	1	0.120852	0
654	1	0.133493	1
655	1	0.1049	0
656	1	0.0300151	1
657	1	0.111228	0
658	1	0.0167767	1
659	1	0.113377	1
660	1	0.133493	1
661	1	0.110914	1
662	1	0.133493	1
663	1	0.133493	1
664	1	0.113377	1
665	1	0.110914	1
666	1	0.133493	1
667	1	0.111228	0
668	1	0.111228	0
669	1	0.0444775	1
670	1	0.107614	0
671	1	0.110914	1
672	1	0.101075	0
673	1	0.133493	1
674	1	0.107614	0
675	1	0.111228	0
676	1	0.101075	0
677	1	0.1049	0
678	1	0.107614	0
679	1	0.101075	0
680	1	0.120852	0
681	1	0.110914	1
682	1	0.111228	0
683	1	0.1049	0
684	1	0.120852	0
685	1	0.133493	1
686	1	0.120852	0
687	1	0.1049	0
688	1	0.111228	0
689	1	0.101075	0
690	1	0.101075	0
691	1	0.110914	1
692	1	0.101075	0
693	1	0.113377	1
694	1	0.120852	0
695	1	0.107614	0
696	1	0.107614	0
697	1	0.120852	0
698	1	0.107614	0
699	1	0.110914	1
700	1	0.0300151	1
701	1	0.133493	1
702	1	0.133493	1
703	1	0.107614	0
704	1	0.133493	1
705	1	0.111228	0
706	1	0.107614	0
707	1	0.110914	1
708	1	0.113377	1
709	1	0.120852	0
710	1	0.1049	0
711	1	0.113377	1
712	1	0.120852	0
713	1	0.101075	0
714	1	0.111228	0
715	1	0.133493	1
716	1	0.133493	1
717	1	0.113377	1
718	1	0.111228	0
719	1	0.113377	1
720	1	0.113377	1
721	1	0.111228	0
722	1	0.133493	1
723	1	0.0444775	1
724	1	0.110914	1
725	1	0.111228	0
726	1	0.110914	1
727	1	0.1049	0
728	1	0.110914	1
729	1	0.111228	0
730	1	0.120852	0
731	1	0.101075	0
732	1	0.107614	0
733	1	0.111228	0
734	1	0.107614	0
735	1	0.111228	0
736	1	0.110914	1
737	1	0.101075	0
738	1	0.133493	1
739	1	0.111228	0
740	1	0.101075	0
741	1	0.133493	1
742	1	0.0444775	1
743	1	0.0444775	1
744	1	0.101075	0
745	1	0.113377	1
746	1	0.133493	1
747	1	0.107614	0
748	1	0.0444775	1
749	1	0.120852	0
750	1	0.1049	0
751	1	0.133493	1
752	1	0.0444775	1
753	1	0.0444775	1
754	1	0.0444775	1
755	1	0.107614	0
756	1	0.111228	0
757	1	0.133493	1
758	1	0.107614	0
759	1	0.110914	1
760	1	0.120852	0
761	1	0.1049	0
762	1	0.0300151	1
763	1	0.111228	0
764	1	0.113377	1
765	1	0.0300151	1
766	1	0.110914	1
767	1	0.133493	1
768	1	0.110914	1
769	1	0.101075	0
770	1	0.133493	1
771	1	0.107614	0
772	1	0.113377	1
773	1	0.107614	0
774	1	0.120852	0
775	1	0.101075	0
776	1	0.110914	1
777	1	0.0300151	1
778	1	0.1049	0
779	1	0.133493	1
780	1	0.0167767	1
781	1	0.120852	0
782	1	0.111228	0
783	1	0.111228	0
784	1	0.111228	0
785	1	0.107614	0
786	1	0.107614	0
787	1	0.111228	0
788	1	0.110914	1
789	1	0.110914	1
790	1	0.107614	0
791	1	0.111228	0
792	1	0.111228	0
793	1	0.1049	0
794	1	0.0300151	1
795	1	0.110914	1
796	1	0.120852	0
797	1	0.133493	1
798	1	0.111228	0
799	1	0.0300151	1
800	1	0.111228	0
801	1	0.110914	1
802	1	0.111228	0
803	1	0.1049	0
804	1	0.107614	0
805	1	0.120852	0
806	1	0.120852	0
807	1	0.113377	1
808	1	0.0300151	1
809	1	0.133493	1
810	1	0.133493	1
811	1	0.0444775	1
812	1	0.0300151	1
813	1	0.120852	0
814	1	0.110914	1
815	1	0.133493	1
816	1	0.0444775	1
817	1	0.101075	0
818	1	0.110914	1
819	1	0.120852	0
820	1	0.110914	1
821	1	0.1049	0
822	1	0.111228	0
823	1	0.133493	1
824	1	0.101075	0
825	1	0.0444775	1
826	1	0.120852	0
827	1	0.110914	1
828	1	0.113377	1
829	1	0.1049	0
830	1	0.110914	1
831	1	0.101075	0
832	1	0.1049	0
833	1	0.101075	0
834	1	0.113377	1
835	1	0.1049	0
836	1	0.111228	0
837	1	0.111228	0
838	1	0.111228	0
839	1	0.107614	0
840	1	0.113377	1
841	1	0.107614	0
842	1	0.0167767	1
843	1	0.120852	0
844	1	0.133493	1
845	1	0.110914	1
846	1	0.133493	1
847	1	0.101075	0
848	1	0.110914	1
849	1	0.113377	1
850	1	0.101075	0
851	1	0.110914	1
852	1	0.107614	0
853	1	0.111228	0
854	1	0.111228	0
855	1	0.120852	0
856	1	0.0444775	1
857	1	0.113377	1
858	1	0.0167767	1
859	1	0.107614	0
860	1	0.1049	0
861	1	0.133493	1
862	1	0.111228	0
863	1	0.110914	1
864	1	0.133493	1
865	1	0.133493	1
866	1	0.0444775	1
867	1	0.0300151	1
868	1	0.110914	1
869	1	0.110914	1
870	1	0.120852	0
871	1	0.107614	0
872	1	0.110914	1
873	1	0.120852	0
874	1	0.133493	1
875	1	0.0300151	1
876	1	0.120852	0
877	1	0.1049	0
878	1	0.120852	0
879	1	0.113377	1
880	1	0.111228	0
881	1	0.111228	0
882	1	0.120852	0
883	1	0.133493	1
884	1	0.133493	1
885	1	0.107614	0
886	1	0.111228	0
887	1	0.133493	1
888	1	0.133493	1
889	1	0.110914	1
890	1	0.101075	0
891	1	0.133493	1
892	1	0.1049	0
893	1	0.111228	0
894	1	0.111228	0
895	1	0.0444775	1
896	1	0.101075	0
897	1	0.110914	1
898	1	0.0444775	1
899	1	0.107614	0
900	1	0.1049	0
901	1	0.0167767	1
902	1	0.120852	0
903	1	0.0300151	1
904	1	0.133493	1
905	1	0.113377	1
906	1	0.111228	0
907	1	0.0444775	1
908	1	0.120852	0
909	1	0.107614	0
910	1	0.113377	1
911	1	0.113377	1
912	1	0.133493	1
913	1	0.110914	1
914	1	0.0167767	1
915	1	0.110914	1
916	1	0.120852	0
917	1	0.0300151	1
918	1	0.110914	1
919	1	0.120852	0
920	1	0.111228	0
921	1	0.110914	1
922	1	0.1049	0
923	1	0.120852	0
924	1	0.111228	0
925	1	0.133493	1
926	1	0.113377	1
927	1	0.133493	1
928	1	0.133493	1
929	1	0.111228	0
930	1	0.111228	0
931	1	0.133493	1
932	1	0.133493	1
933	1	0.101075	0
934	1	0.113377	1
935	1	0.133493	1
936	1	0.0444775	1
937	1	0.101075	0
938	1	0.120852	0
939	1	0.0300151	1
940	1	0.113377	1
941	1	0.111228	0
942	1	0.111228	0
943	1	0.120852	0
944	1	0.133493	1
945	1	0.101075	0
946	1	0.101075	0
947	1	0.113377	1
948	1	0.101075	0
949	1	0.133493	1
950	1	0.133493	1
951	1	0.1049	0
952	1	0.133493	1
953	1	0.110914	1
954	1	0.107614	0
955	1	0.113377	1
956	1	0.107614	0
957	1	0.110914	1
958	1	0.111228	0
959	1	0.120852	0
960	1	0.120852	0
961	1	0.0167767	1
962	1	0.1049	0
963	1	0.133493	1
964	1	0.133493	1
965	1	0.0300151	1
966	1	0.111228	0
967	1	0.120852	0
968	1	0.110914	1
969	1	0.113377	1
970	1	0.133493	1
971	1	0.1049	0
972	1	0.111228	0
973	1	0.0300151	1
974	1	0.0444775	1
975	1	0.133493	1
976	1	0.120852	0
977	1	0.110914	1
978	1	0.111228	0
979	1	0.120852	0
980	1	0.0444775	1
981	1	0.111228	0
982	1	0.120852	0
983	1	0.111228	0
984	1	0.101075	0
985	1	0.120852	0
986	1	0.101075	0
987	1	0.107614	0
988	1	0.101075	0
989	1	0.120852	0
990	1	0.1049	0
991	1	0.110914	1
992	1	0.0444775	1
993	1	0.113377	1
994	1	0.113377	1
995	1	0.120852	0
996	1	0.1049	0
997	1	0.1049	0
998	1	0.120852	0
999	1	0.0444775	1
1000	1	0.1049	0
1001	1	0.1049	0
1002	1	0.107614	0
1003	1	0.0167767	1
1004	1	0.120852	0
1005	1	0.120852	0
1006	1	0.113377	1
1007	1	0.133493	1
1008	1	0.101075	0
1009	1	0.120852	0
1010	1	0.0444775	1
1011	1	0.120852	0
1012	1	0.111228	0
1013	1	0.120852	0
1014	1	0.120852	0
1015	1	0.1049	0
1016	1	0.110914	1
1017	1	0.107614	0
1018	1	0.110914	1
1019	1	0.111228	0
1020	1	0.120852	0
1021	1	0.110914	1
1022	1	0.113377	1
1023	1	0.1049	0
1024	1	0.110914	1
1025	1	0.113377	1
1026	1	0.101075	0
1027	1	0.101075	0
1028	1	0.107614	0
1029	1	0.133493	1
1030	1	0.0167767	1
1031	1	0.113377	1
1032	1	0.120852	0
1033	1	0.110914	1
1034	1	0.1049	0
1035	1	0.133493	1
1036	1	0.107614	0
1037	1	0.1049	0
1038	1	0.113377	1
1039	1	0.107614	0
1040	1	0.101075	0
1041	1	0.107614	0
1042	1	0.0300151	1
1043	1	0.120852	0
1044	1	0.113377	1
1045	1	0.111228	0
1046	1	0.110914	1
1047	1	0.110914	1
1048	1	0.110914	1
1049	1	0.0444775	1
1050	1	0.133493	1
1051	1	0.0444775	1
1052	1	0.111228	0
1053	1	0.120852	0
1054	1	0.1049	0
1055	1	0.0444775	1
1056	1	0.113377	1
1057	1	0.101075	0
1058	1	0.0300151	1
1059	1	0.101075	0
1060	1	0.113377	1
1061	1	0.120852	0
1062	1	0.0167767	1
1063	1	0.1049	0
1064	1	0.120852	0
1065	1	0.133493	1
1066	1	0.107614	0
1067	1	0.1049	0
1068	1	0.111228	0
1069	1	0.113377	1
1070	1	0.120852	0
1071	1	0.133493	1
1072	1	0.101075	0
1073	1	0.111228	0
1074	1	0.133493	1
1075	1	0.111228	0
1076	1	0.111228	0
1077	1	0.0167767	1
1078	1	0.0300151	1
1079	1	0.120852	0
1080	1	0.101075	0
1081	1	0.0444775	1
1082	1	0.133493	1
1083	1	0.0300151	1
1084	1	0.111228	0
1085	1	0.133493	1
1086	1	0.107614	0
1087	1	0.107614	0
1088	1	0.133493	1
1089	1	0.120852	0
1090	1	0.133493	1
1091	1	0.113377	1
1092	1	0.110914	1
1093	1	0.133493	1
1094	1	0.120852	0
1095	1	0.110914	1
1096	1	0.107614	0
1097	1	0.101075	0
1098	1	0.107614	0
1099	1	0.120852	0
1100	1	0.110914	1
1101	1	0.107614	0
1102	1	0.0300151	1
1103	1	0.110914	1
1104	1	0.120852	0
1105	1	0.0444775	1
1106	1	0.110914	1
1107	1	0.133493	1
1108	1	0.107614	0
1109	1	0.133493	1
1110	1	0.133493	1
1111	1	0.107614	0
1112	1	0.0167767	1
1113	1	0.133493	1
1114	1	0.107614	0
1115	1	0.113377	1
1116	1	0.111228	0
1117	1	0.0444775	1
1118	1	0.110914	1
1119	1	0.101075	0
1120	1	0.0444775	1
1121	1	0.107614	0
1122	1	0.1049	0
1123	1	0.133493	1
1124	1	0.110914	1
1125	1	0.133493	1
1126	1	0.107614	0
1127	1	0.1049	0
1128	1	0.120852	0
1129	1	0.120852	0
1130	1	0.107614	0
1131	1	0.133493	1
1132	1	0.0300151	1
1133	1	0.111228	0
1134	1	0.1049	0
1135	1	0.110914	1
1136	1	0.120852	0
1137	1	0.120852	0
1138	1	0.110914	1
1139	1	0.133493	1
1140	1	0.113377	1
1141	1	0.133493	1
1142	1	0.113377	1
1143	1	0.113377	1
1144	1	0.107614	0
1145	1	0.110914	1
1146	1	0.133493	1
1147	1	0.1049	0
1148	1	0.101075	0
1149	1	0.133493	1
1150	1	0.133493	1
1151	1	0.120852	0
1152	1	0.1049	0
1153	1	0.1049	0
1154	1	0.120852	0
1155	1	0.107614	0
1156	1	0.133493	1
1157	1	0.133493	1
1158	1	0.113377	1
1159	1	0.101075	0
1160	1	0.120852	0
1161	1	0.133493	1
1162	1	0.110914	1
1163	1	0.113377	1
1164	1	0.107614	0
1165	1	0.110914	1
1166	1	0.110914	1
1167	1	0.107614	0
1168	1	0.133493	1
1169	1	0.113377	1
1170	1	0.101075	0
1171	1	0.110914	1
1172	1	0.133493	1
1173	1	0.0167767	1
1174	1	0.107614	0
1175	1	0.1049	0
1176	1	0.133493	1
1177	1	0.111228	0
1178	1	0.120852	0
1179	1	0.133493	1
1180	1	0.110914	1
1181	1	0.120852	0
1182	1	0.0444775	1
1183	1	0.133493	1
1184	1	0.0167767	1
1185	1	0.133493	1
1186	1	0.120852	0
1187	1	0.0444775	1
1188	1	0.101075	0
1189	1	0.101075	0
1190	1	0.107614	0
1191	1	0.111228	0
1192	1	0.113377	1
1193	1	0.111228	0
1194	1	0.133493	1
1195	1	0.133493	1
1196	1	0.110914	1
1197	1	0.101075	0
1198	1	0.113377	1
1199	1	0.133493	1
1200	1	0.101075	0
1201	1	0.111228	0
1202	1	0.113377	1
1203	1	0.133493	1
1204	1	0.101075	0
1205	1	0.111228	0
1206	1	0.110914	1
1207	1	0.110914	1
1208	1	0.1049	0
1209	1	0.120852	0
1210	1	0.111228	0
1211	1	0.0167767	1
1212	1	0.110914	1
1213	1	0.111228	0
1214	1	0.107614	0
1215	1	0.0444775	1
1216	1	0.0444775	1
1217	1	0.101075	0
1218	1	0.0167767	1
1219	1	0.1049	0
1220	1	0.133493	1
1221	1	0.111228	0
1222	1	0.120852	0
1223	1	0.133493	1
1224	1	0.113377	1
1225	1	0.107614	0
1226	1	0.113377	1
1227	1	0.133493	1
1228	1	0.101075	0
1229	1	0.1049	0
1230	1	0.133493	1
1231	1	0.107614	0
1232	1	0.110914	1
1233	1	0.101075	0
1234	1	0.101075	0
1235	1	0.110914	1
1236	1	0.1049	0
1237	1	0.120852	0
1238	1	0.107614	0
1239	1	0.101075	0
1240	1	0.120852	0
1241	1	0.113377	1
1242	1	0.110914	1
1243	1	0.133493	1
1244	1	0.120852	0
1245	1	0.113377	1
1246	1	0.113377	1
1247	1	0.101075	0
1248	1	0.101075	0
1249	1	0.107614	0
1250	1	0.120852	0
1251	1	0.101075	0
1252	1	0.1049	0
1253	1	0.113377	1
1254	1	0.133493	1
1255	1	0.107614	0
1256	1	0.110914	1
1257	1	0.101075	0
1258	1	0.101075	0
1259	1	0.1049	0
1260	1	0.107614	0
1261	1	0.113377	1
1262	1	0.101075	0
1263	1	0.120852	0
1264	1	0.101075	0
1265	1	0.133493	1
1266	1	0.101075	0
1267	1	0.113377	1
1268	1	0.133493	1
1269	1	0.133493	1
1270	1	0.120852	0
1271	1	0.101075	0
1272	1	0.107614	0
1273	1	0.0444775	1
1274	1	0.120852	0
1275	1	0.133493	1
1276	1	0.101075	0
1277	1	0.110914	1
1278	1	0.113377	1
1279	1	0.111228	0
1280	1	0.120852	0
1281	1	0.0300151	1
1282	1	0.107614	0
1283	1	0.1049	0
1284	1	0.133493	1
1285	1	0.110914	1
1286	1	0.101075	0
1287	1	0.133493	1
1288	1	0.120852	0
1289	1	0.133493	1
1290	1	0.111228	0
1291	1	0.107614	0
1292	1	0.133493	1
1293	1	0.111228	0
1294	1	0.111228	0
1295	1	0.113377	1
1296	1	0.110914	1
1297	1	0.133493	1
1298	1	0.1049	0
1299	1	0.0167767	1
1300	1	0.133493	1
1301	1	0.113377	1
1302	1	0.0167767	1
1303	1	0.110914	1
1304	1	0.0167767	1
1305	1	0.133493	1
1306	1	0.0167767	1
1307	1	0.0444775	1
1308	1	0.110914	1
1309	1	0.107614	0
1310	1	0.107614	0
1311	1	0.111228	0
1312	1	0.107614	0
1313	1	0.113377	1
1314	1	0.120852	0
1315	1	0.111228	0
1316	1	0.110914	1
1317	1	0.120852	0
1318	1	0.133493	1
1319	1	0.133493	1
1320	1	0.133493	1
1321	1	0.1049	0
1322	1	0.133493	1
1323	1	0.1049	0
1324	1	0.133493	1
1325	1	0.101075	0
1326	1	0.113377	1
1327	1	0.113377	1
1328	1	0.110914	1
1329	1	0.1049	0
1330	1	0.0167767	1
1331	1	0.0444775	1
1332	1	0.107614	0
1333	1	0.0167767	1
1334	1	0.113377	1
1335	1	0.133493	1
1336	1	0.120852	0
1337	1	0.110914	1
1338	1	0.0444775	1
1339	1	0.107614	0
1340	1	0.133493	1
1341	1	0.120852	0
1342	1	0.111228	0
1343	1	0.107614	0
1344	1	0.120852	0
1345	1	0.0444775	1
1346	1	0.120852	0
1347	1	0.0444775	1
1348	1	0.101075	0
1349	1	0.120852	0
1350	1	0.107614	0
1351	1	0.111228	0
1352	1	0.120852	0
1353	1	0.111228	0
1354	1	0.110914	1
1355	1	0.111228	0
1356	1	0.113377	1
1357	1	0.110914	1
1358	1	0.1049	0
1359	1	0.110914	1
1360	1	0.120852	0
1361	1	0.0444775	1
1362	1	0.0300151	1
1363	1	0.110914	1
1364	1	0.120852	0
1365	1	0.107614	0
1366	1	0.110914	1
1367	1	0.133493	1
1368	1	0.101075	0
1369	1	0.0300151	1
1370	1	0.133493	1
1371	1	0.101075	0
1372	1	0.0167767	1
1373	1	0.133493	1
1374	1	0.113377	1
1375	1	0.110914	1
1376	1	0.120852	0
1377	1	0.113377	1
1378	1	0.113377	1
1379	1	0.107614	0
1380	1	0.1049	0
1381	1	0.120852	0
1382	1	0.120852	0
1383	1	0.120852	0
1384	1	0.113377	1
1385	1	0.110914	1
1386	1	0.111228	0
1387	1	0.1049	0
1388	1	0.110914	1
1389	1	0.133493	1
1390	1	0.133493	1
1391	1	0.1049	0
1392	1	0.110914	1
1393	1	0.110914	1
1394	1	0.101075	0
1395	1	0.133493	1
1396	1	0.133493	1
1397	1	0.0300151	1
1398	1	0.120852	0
1399	1	0.133493	1
1400	1	0.120852	0
1401	1	0.0167767	1
1402	1	0.101075	0
1403	1	0.133493	1
1404	1	0.120852	0
1405	1	0.101075	0
1406	1	0.133493	1
1407	1	0.110914	1
1408	1	0.120852	0
1409	1	0.113377	1
1410	1	0.0444775	1
1411	1	0.1049	0
1412	1	0.101075	0
1413	1	0.111228	0
1414	1	0.107614	0
1415	1	0.113377	1
1416	1	0.107614	0
1417	1	0.113377	1
1418	1	0.133493	1
1419	1	0.111228	0
1420	1	0.110914	1
1421	1	0.133493	1
1422	1	0.0167767	1
1423	1	0.101075	0
1424	1	0.111228	0
1425	1	0.113377	1
1426	1	0.0444775	1
1427	1	0.111228	0
1428	1	0.133493	1
1429	1	0.107614	0
1430	1	0.133493	1
1431	1	0.120852	0
1432	1	0.110914	1
1433	1	0.133493	1
1434	1	0.111228	0
1435	1	0.113377	1
1436	1	0.0300151	1
1437	1	0.0444775	1
1438	1	0.133493	1
1439	1	0.110914	1
1440	1	0.133493	1
1441	1	0.113377	1
1442	1	0.133493	1
1443	1	0.1049	0
1444	1	0.120852	0
1445	1	0.0444775	1
1446	1	0.101075	0
1447	1	0.0444775	1
1448	1	0.1049	0
1449	1	0.113377	1
1450	1	0.133493	1
1451	1	0.101075	0
1452	1	0.0444775	1
1453	1	0.113377	1
1454	1	0.120852	0
1455	1	0.107614	0
1456	1	0.110914	1
1457	1	0.110914	1
1458	1	0.101075	0
1459	1	0.111228	0
1460	1	0.113377	1
1461	1	0.101075	0
1462	1	0.110914	1
1463	1	0.110914	1
1464	1	0.101075	0
1465	1	0.133493	1
1466	1	0.113377	1
1467	1	0.111228	0
1468	1	0.113377	1
1469	1	0.107614	0
1470	1	0.111228	0
1471	1	0.113377	1
1472	1	0.120852	0
1473	1	0.107614	0
1474	1	0.113377	1
1475	1	0.133493	1
1476	1	0.107614	0
1477	1	0.111228	0
1478	1	0.111228	0
1479	1	0.120852	0
1480	1	0.107614	0
1481	1	0.1049	0
1482	1	0.101075	0
1483	1	0.113377	1
1484	1	0.113377	1
1485	1	0.0444775	1
1486	1	0.0444775	1
1487	1	0.120852	0
1488	1	0.133493	1
1489	1	0.110914	1
1490	1	0.0300151	1
1491	1	0.133493	1
1492	1	0.1049	0
1493	1	0.133493	1
1494	1	0.110914	1
1495	1	0.133493	1
1496	1	0.101075	0
1497	1	0.107614	0
1498	1	0.133493	1
1499	1	0.133493	1
1500	1	0.113377	1
1501	1	0.111228	0
1502	1	0.107614	0
1503	1	0.107614	0
1504	1	0.133493	1
1505	1	0.111228	0
1506	1	0.107614	0
1507	1	0.111228	0
1508	1	0.107614	0
1509	1	0.111228	0
1510	1	0.101075	0
1511	1	0.120852	0
1512	1	0.113377	1
1513	1	0.120852	0
1514	1	0.110914	1
1515	1	0.107614	0
1516	1	0.0167767	1
1517	1	0.120852	0
1518	1	0.120852	0
1519	1	0.0167767	1
1520	1	0.111228	0
1521	1	0.133493	1
1522	1	0.101075	0
1523	1	0.110914	1
1524	1	0.113377	1
1525	1	0.133493	1
1526	1	0.133493	1
1527	1	0.110914	1
1528	1	0.113377	1
1529	1	0.107614	0
1530	1	0.133493	1
1531	1	0.101075	0
1532	1	0.101075	0
1533	1	0.107614	0
1534	1	0.113377	1
1535	1	0.101075	0
1536	1	0.107614	0
1537	1	0.0167767	1
1538	1	0.0300151	1
1539	1	0.120852	0
1540	1	0.113377	1
1541	1	0.133493	1
1542	1	0.120852	0
1543	1	0.111228	0
1544	1	0.101075	0
1545	1	0.133493	1
1546	1	0.101075	0
1547	1	0.110914	1
1548	1	0.113377	1
1549	1	0.1049	0
1550	1	0.101075	0
1551	1	0.120852	0
1552	1	0.120852	0
1553	1	0.101075	0
1554	1	0.101075	0
1555	1	0.111228	0
1556	1	0.133493	1
1557	1	0.101075	0
1558	1	0.101075	0
1559	1	0.120852	0
1560	1	0.1049	0
1561	1	0.107614	0
1562	1	0.120852	0
1563	1	0.1049	0
1564	1	0.133493	1
1565	1	0.110914	1
1566	1	0.111228	0
1567	1	0.133493	1
1568	1	0.110914	1
1569	1	0.111228	0
1570	1	0.110914	1
1571	1	0.110914	1
1572	1	0.0444775	1
1573	1	0.107614	0
1574	1	0.1049	0
1575	1	0.1049	0
1576	1	0.111228	0
1577	1	0.120852	0
1578	1	0.110914	1
1579	1	0.113377	1
1580	1	0.133493	1
1581	1	0.1049	0
1582	1	0.113377	1
1583	1	0.107614	0
1584	1	0.120852	0
1585	1	0.110914	1
1586	1	0.111228	0
1587	1	0.107614	0
1588	1	0.0444775	1
1589	1	0.133493	1
1590	1	0.113377	1
1591	1	0.0167767	1
1592	1	0.107614	0
1593	1	0.101075	0
1594	1	0.110914	1
1595	1	0.120852	0
1596	1	0.101075	0
1597	1	0.1049	0
1598	1	0.101075	0
1599	1	0.120852	0
1600	1	0.1049	0
1601	1	0.0167767	1
1602	1	0.113377	1
1603	1	0.111228	0
1604	1	0.120852	0
1605	1	0.111228	0
1606	1	0.101075	0
1607	1	0.133493	1
1608	1	0.113377	1
1609	1	0.113377	1
1610	1	0.113377	1
1611	1	0.101075	0
1612	1	0.1049	0
1613	1	0.111228	0
1614	1	0.133493	1
1615	1	0.111228	0
1616	1	0.113377	1
1617	1	0.110914	1
1618	1	0.133493	1
1619	1	0.0444775	1
1620	1	0.1049	0
1621	1	0.113377	1
1622	1	0.101075	0
1623	1	0.1049	0
1624	1	0.101075	0
1625	1	0.133493	1
1626	1	0.110914	1
1627	1	0.110914	1
1628	1	0.111228	0
1629	1	0.111228	0
1630	1	0.1049	0
1631	1	0.110914	1
1632	1	0.107614	0
1633	1	0.1049	0
1634	1	0.101075	0
1635	1	0.1049	0
1636	1	0.120852	0
1637	1	0.133493	1
1638	1	0.113377	1
1639	1	0.133493	1
1640	1	0.0300151	1
1641	1	0.0444775	1
1642	1	0.1049	0
1643	1	0.0167767	1
1644	1	0.107614	0
1645	1	0.113377	1
1646	1	0.133493	1
1647	1	0.111228	0
1648	1	0.110914	1
1649	1	0.0167767	1
1650	1	0.133493	1
1651	1	0.133493	1
1652	1	0.113377	1
1653	1	0.1049	0
1654	1	0.101075	0
1655	1	0.113377	1
1656	1	0.113377	1
1657	1	0.1049	0
1658	1	0.133493	1
1659	1	0.110914	1
1660	1	0.0444775	1
1661	1	0.133493	1
1662	1	0.110914	1
1663	1	0.113377	1
1664	1	0.111228	0
1665	1	0.0167767	1
1666	1	0.0444775	1
1667	1	0.1049	0
1668	1	0.1049	0
1669	1	0.133493	1
1670	1	0.133493	1
1671	1	0.0300151	1
1672	1	0.113377	1
1673	1	0.1049	0
1674	1	0.1049	0
1675	1	0.113377	1
1676	1	0.0444775	1
1677	1	0.107614	0
1678	1	0.133493	1
1679	1	0.113377	1
1680	1	0.110914	1
1681	1	0.120852	0
1682	1	0.101075	0
1683	1	0.133493	1
1684	1	0.107614	0
1685	1	0.0444775	1
1686	1	0.0300151	1
1687	1	0.133493	1
1688	1	0.0300151	1
1689	1	0.101075	0
1690	1	0.0167767	1
1691	1	0.107614	0
1692	1	0.133493	1
1693	1	0.1049	0
1694	1	0.111228	0
1695	1	0.1049	0
1696	1	0.107614	0
1697	1	0.110914	1
1698	1	0.1049	0
1699	1	0.111228	0
1700	1	0.107614	0
1701	1	0.111228	0
1702	1	0.1049	0
1703	1	0.113377	1
1704	1	0.133493	1
1705	1	0.107614	0
1706	1	0.120852	0
1707	1	0.101075	0
1708	1	0.120852	0
1709	1	0.120852	0
1710	1	0.107614	0
1711	1	0.1049	0
1712	1	0.133493	1
1713	1	0.107614	0
1714	1	0.133493	1
1715	1	0.1049	0
1716	1	0.1049	0
1717	1	0.133493	1
1718	1	0.0444775	1
1719	1	0.133493	1
1720	1	0.111228	0
1721	1	0.1049	0
1722	1	0.120852	0
1723	1	0.110914	1
1724	1	0.133493	1
1725	1	0.101075	0
1726	1	0.101075	0
1727	1	0.120852	0
1728	1	0.111228	0
1729	1	0.107614	0
1730	1	0.101075	0
1731	1	0.107614	0
1732	1	0.113377	1
1733	1	0.113377	1
1734	1	0.111228	0
1735	1	0.107614	0
1736	1	0.133493	1
1737	1	0.107614	0
1738	1	0.110914	1
1739	1	0.113377	1
1740	1	0.0167767	1
1741	1	0.0444775	1
1742	1	0.120852	0
1743	1	0.120852	0
1744	1	0.110914	1
1745	1	0.0300151	1
1746	1	0.107614	0
1747	1	0.133493	1
1748	1	0.1049	0
1749	1	0.107614	0
1750	1	0.113377	1
1751	1	0.113377	1
1752	1	0.120852	0
1753	1	0.120852	0
1754	1	0.1049	0
1755	1	0.133493	1
1756	1	0.107614	0
1757	1	0.110914	1
1758	1	0.1049	0
1759	1	0.111228	0
1760	1	0.111228	0
1761	1	0.110914	1
1762	1	0.107614	0
1763	1	0.111228	0
1764	1	0.111228	0
1765	1	0.120852	0
1766	1	0.101075	0
1767	1	0.133493	1
1768	1	0.120852	0
1769	1	0.110914	1
1770	1	0.0167767	1
1771	1	0.107614	0
1772	1	0.0444775	1
1773	1	0.101075	0
1774	1	0.1049	0
1775	1	0.113377	1
1776	1	0.107614	0
1777	1	0.111228	0
1778	1	0.0444775	1
1779	1	0.120852	0
1780	1	0.133493	1
1781	1	0.110914	1
1782	1	0.0444775	1
1783	1	0.133493	1
1784	1	0.107614	0
1785	1	0.101075	0
1786	1	0.101075	0
1787	1	0.1049	0
1788	1	0.120852	0
1789	1	0.101075	0
1790	1	0.113377	1
1791	1	0.120852	0
1792	1	0.113377	1
1793	1	0.133493	1
1794	1	0.111228	0
1795	1	0.0167767	1
1796	1	0.133493	1
1797	1	0.0300151	1
1798	1	0.111228	0
1799	1	0.107614	0
1800	1	0.133493	1
1801	1	0.120852	0
1802	1	0.110914	1
1803	1	0.133493	1
1804	1	0.110914	1
1805	1	0.107614	0
1806	1	0.0444775	1
1807	1	0.101075	0
1808	1	0.107614	0
1809	1	0.133493	1
1810	1	0.101075	0
1811	1	0.1049	0
1812	1	0.101075	0
1813	1	0.113377	1
1814	1	0.111228	0
1815	1	0.113377	1
1816	1	0.113377	1
1817	1	0.113377	1
1818	1	0.113377	1
1819	1	0.101075	0
1820	1	0.0300151	1
1821	1	0.0444775	1
1822	1	0.101075	0
1823	1	0.1049	0
1824	1	0.0444775	1
1825	1	0.120852	0
1826	1	0.113377	1
1827	1	0.113377	1
1828	1	0.0300151	1
1829	1	0.113377	1
1830	1	0.133493	1
1831	1	0.107614	0
1832	1	0.0300151	1
1833	1	0.113377	1
1834	1	0.111228	0
1835	1	0.0444775	1
1836	1	0.0444775	1
1837	1	0.0444775	1
1838	1	0.113377	1
1839	1	0.101075	0
1840	1	0.110914	1
1841	1	0.133493	1
1842	1	0.113377	1
1843	1	0.113377	1
1844	1	0.107614	0
1845	1	0.113377	1
1846	1	0.113377	1
1847	1	0.133493	1
1848	1	0.1049	0
1849	1	0.0444775	1
1850	1	0.1049	0
1851	1	0.133493	1
1852	1	0.107614	0
1853	1	0.133493	1
1854	1	0.0444775	1
1855	1	0.110914	1
1856	1	0.107614	0
1857	1	0.0300151	1
1858	1	0.0444775	1
1859	1	0.107614	0
1860	1	0.1049	0
1861	1	0.111228	0
1862	1	0.133493	1
1863	1	0.111228	0
1864	1	0.0167767	1
1865	1	0.107614	0
1866	1	0.133493	1
1867	1	0.110914	1
1868	1	0.101075	0
1869	1	0.1049	0
1870	1	0.0444775	1
1871	1	0.133493	1
1872	1	0.0444775	1
1873	1	0.0444775	1
1874	1	0.120852	0
1875	1	0.111228	0
1876	1	0.0444775	1
1877	1	0.1049	0
1878	1	0.110914	1
1879	1	0.133493	1
1880	1	0.120852	0
1881	1	0.110914	1
1882	1	0.0444775	1
1883	1	0.107614	0
1884	1	0.0300151	1
1885	1	0.0167767	1
1886	1	0.101075	0
1887	1	0.133493	1
1888	1	0.1049	0
1889	1	0.113377	1
1890	1	0.133493	1
1891	1	0.113377	1
1892	1	0.111228	0
1893	1	0.107614	0
1894	1	0.107614	0
1895	1	0.113377	1
1896	1	0.113377	1
1897	1	0.113377	1
1898	1	0.133493	1
1899	1	0.0444775	1
1900	1	0.1049	0
1901	1	0.120852	0
1902	1	0.133493	1
1903	1	0.120852	0
1904	1	0.133493	1
1905	1	0.110914	1
1906	1	0.101075	0
1907	1	0.107614	0
1908	1	0.133493	1
1909	1	0.1049	0
1910	1	0.133493	1
1911	1	0.133493	1
1912	1	0.0300151	1
1913	1	0.110914	1
1914	1	0.101075	0
1915	1	0.110914	1
1916	1	0.0444775	1
1917	1	0.0167767	1
1918	1	0.120852	0
1919	1	0.110914	1
1920	1	0.133493	1
1921	1	0.1049	0
1922	1	0.0444775	1
1923	1	0.110914	1
1924	1	0.110914	1
1925	1	0.133493	1
1926	1	0.101075	0
1927	1	0.0300151	1
1928	1	0.113377	1
1929	1	0.120852	0
1930	1	0.101075	0
1931	1	0.133493	1
1932	1	0.120852	0
1933	1	0.0444775	1
1934	1	0.113377	1
1935	1	0.0300151	1
1936	1	0.107614	0
1937	1	0.1049	0
1938	1	0.133493	1
1939	1	0.110914	1
1940	1	0.111228	0
1941	1	0.120852	0
1942	1	0.107614	0
1943	1	0.113377	1
1944	1	0.113377	1
1945	1	0.101075	0
1946	1	0.133493	1
1947	1	0.0300151	1
1948	1	0.110914	1
1949	1	0.0167767	1
1950	1	0.113377	1
1951	1	0.101075	0
1952	1	0.133493	1
1953	1	0.110914	1
1954	1	0.0167767	1
1955	1	0.0300151	1
1956	1	0.107614	0
1957	1	0.133493	1
1958	1	0.111228	0
1959	1	0.107614	0
1960	1	0.0444775	1
1961	1	0.111228	0
1962	1	0.1049	0
1963	1	0.133493	1
1964	1	0.113377	1
1965	1	0.0444775	1
1966	1	0.107614	0
1967	1	0.110914	1
1968	1	0.120852	0
1969	1	0.107614	0
1970	1	0.101075	0
1971	1	0.133493	1
1972	1	0.1049	0
1973	1	0.0300151	1
1974	1	0.120852	0
1975	1	0.133493	1
1976	1	0.113377	1
1977	1	0.113377	1
1978	1	0.133493	1
1979	1	0.120852	0
1980	1	0.107614	0
1981	1	0.111228	0
1982	1	0.110914	1
1983	1	0.110914	1
1984	1	0.113377	1
1985	1	0.113377	1
1986	1	0.1049	0
1987	1	0.0444775	1
1988	1	0.133493	1
1989	1	0.113377	1
1990	1	0.133493	1
1991	1	0.0444775	1
1992	1	0.120852	0
1993	1	0.113377	1
1994	1	0.0444775	1
1995	1	0.1049	0
1996	1	0.120852	0
1997	1	0.120852	0
1998	1	0.101075	0
1999	1	0.0444775	1
2000	1	0.113377	1
2001	1	0.111228	0
2002	1	0.133493	1
2003	1	0.133493	1
2004	1	0.101075	0
2005	1	0.133493	1
2006	1	0.133493	1
2007	1	0.107614	0
2008	1	0.0167767	1
2009	1	0.133493	1
2010	1	0.120852	0
2011	1	0.133493	1
2012	1	0.0300151	1
2013	1	0.133493	1
2014	1	0.120852	0
2015	1	0.1049	0
2016	1	0.133493	1
2017	1	0.133493	1
2018	1	0.1049	0
2019	1	0.133493	1
2020	1	0.113377	1
2021	1	0.1049	0
2022	1	0.1049	0
2023	1	0.133493	1
2024	1	0.113377	1
2025	1	0.133493	1
2026	1	0.120852	0
2027	1	0.110914	1
2028	1	0.111228	0
2029	1	0.0300151	1
2030	1	0.107614	0
2031	1	0.101075	0
2032	1	0.110914	1
2033	1	0.1049	0
2034	1	0.110914	1
2035	1	0.1049	0
2036	1	0.133493	1
2037	1	0.133493	1
2038	1	0.133493	1
2039	1	0.107614	0
2040	1	0.101075	0
2041	1	0.111228	0
2042	1	0.113377	1
2043	1	0.101075	0
2044	1	0.0167767	1
2045	1	0.113377	1
2046	1	0.133493	1
2047	1	0.101075	0
2048	1	0.110914	1
2049	1	0.110914	1
2050	1	0.133493	1
2051	1	0.101075	0
2052	1	0.111228	0
2053	1	0.101075	0
2054	1	0.1049	0
2055	1	0.1049	0
2056	1	0.1049	0
2057	1	0.113377	1
2058	1	0.133493	1
2059	1	0.113377	1
2060	1	0.110914	1
2061	1	0.110914	1
2062	1	0.133493	1
2063	1	0.120852	0
2064	1	0.1049	0
2065	1	0.113377	1
2066	1	0.1049	0
2067	1	0.113377	1
2068	1	0.0300151	1
2069	1	0.133493	1
2070	1	0.0444775	1
2071	1	0.101075	0
2072	1	0.110914	1
2073	1	0.133493	1
2074	1	0.133493	1
2075	1	0.120852	0
2076	1	0.110914	1
2077	1	0.111228	0
2078	1	0.133493	1
2079	1	0.111228	0
2080	1	0.113377	1
2081	1	0.133493	1
2082	1	0.1049	0
2083	1	0.113377	1
2084	1	0.133493	1
2085	1	0.0444775	1
2086	1	0.110914	1
2087	1	0.1049	0
2088	1	0.113377	1
2089	1	0.107614	0
2090	1	0.107614	0
2091	1	0.101075	0
2092	1	0.120852	0
2093	1	0.101075	0
2094	1	0.1049	0
2095	1	0.1049	0
2096	1	0.133493	1
2097	1	0.113377	1
2098	1	0.0444775	1
2099	1	0.133493	1
2100	1	0.107614	0
2101	1	0.0444775	1
2102	1	0.111228	0
2103	1	0.1049	0
2104	1	0.111228	0
2105	1	0.133493	1
2106	1	0.133493	1
2107	1	0.110914	1
2108	1	0.110914	1
2109	1	0.111228	0
2110	1	0.101075	0
2111	1	0.0300151	1
2112	1	0.0444775	1
2113	1	0.120852	0
2114	1	0.101075	0
2115	1	0.0444775	1
2116	1	0.111228	0
2117	1	0.110914	1
2118	1	0.101075	0
2119	1	0.1049	0
2120	1	0.1049	0
2121	1	0.1049	0
2122	1	0.120852	0
2123	1	0.113377	1
2124	1	0.101075	0
2125	1	0.120852	0
2126	1	0.0444775	1
2127	1	0.1049	0
2128	1	0.101075	0
2129	1	0.120852	0
2130	1	0.120852	0
2131	1	0.0300151	1
2132	1	0.1049	0
2133	1	0.120852	0
2134	1	0.1049	0
2135	1	0.133493	1
2136	1	0.107614	0
2137	1	0.111228	0
2138	1	0.110914	1
2139	1	0.1049	0
2140	1	0.101075	0
2141	1	0.133493	1
2142	1	0.111228	0
2143	1	0.120852	0
2144	1	0.101075	0
2145	1	0.110914	1
2146	1	0.111228	0
2147	1	0.0300151	1
2148	1	0.107614	0
2149	1	0.0167767	1
2150	1	0.110914	1
2151	1	0.110914	1
2152	1	0.120852	0
2153	1	0.133493	1
2154	1	0.133493	1
2155	1	0.111228	0
2156	1	0.133493	1
2157	1	0.110914	1
2158	1	0.101075	0
2159	1	0.113377	1
2160	1	0.111228	0
2161	1	0.110914	1
2162	1	0.1049	0
2163	1	0.111228	0
2164	1	0.107614	0
2165	1	0.120852	0
2166	1	0.1049	0
2167	1	0.110914	1
2168	1	0.120852	0
2169	1	0.107614	0
2170	1	0.113377	1
2171	1	0.133493	1
2172	1	0.133493	1
2173	1	0.101075	0
2174	1	0.113377	1
2175	1	0.133493	1
2176	1	0.107614	0
2177	1	0.133493	1
2178	1	0.110914	1
2179	1	0.120852	0
2180	1	0.133493	1
2181	1	0.113377	1
2182	1	0.110914	1
2183	1	0.113377	1
2184	1	0.0444775	1
2185	1	0.120852	0
2186	1	0.107614	0
2187	1	0.120852	0
2188	1	0.107614	0
2189	1	0.110914	1
2190	1	0.110914	1
2191	1	0.120852	0
2192	1	0.101075	0
2193	1	0.1049	0
2194	1	0.101075	0
2195	1	0.0444775	1
2196	1	0.111228	0
2197	1	0.1049	0
2198	1	0.120852	0
2199	1	0.110914	1
2200	1	0.1049	0
2201	1	0.107614	0
2202	1	0.101075	0
2203	1	0.120852	0
2204	1	0.113377	1
2205	1	0.111228	0
2206	1	0.120852	0
2207	1	0.1049	0
2208	1	0.111228	0
2209	1	0.1049	0
2210	1	0.1049	0
2211	1	0.110914	1
2212	1	0.133493	1
2213	1	0.0444775	1
2214	1	0.1049	0
2215	1	0.0300151	1
2216	1	0.113377	1
2217	1	0.110914	1
2218	1	0.101075	0
2219	1	0.133493	1
2220	1	0.1049	0
2221	1	0.111228	0
2222	1	0.111228	0
2223	1	0.113377	1
2224	1	0.133493	1
2225	1	0.101075	0
2226	1	0.113377	1
2227	1	0.110914	1
2228	1	0.120852	0
2229	1	0.111228	0
2230	1	0.113377	1
2231	1	0.113377	1
2232	1	0.110914	1
2233	1	0.1049	0
2234	1	0.101075	0
2235	1	0.110914	1
2236	1	0.0167767	1
2237	1	0.107614	0
2238	1	0.133493	1
2239	1	0.133493	1
2240	1	0.133493	1
2241	1	0.101075	0
2242	1	0.133493	1
2243	1	0.107614	0
2244	1	0.113377	1
2245	1	0.120852	0
2246	1	0.107614	0
2247	1	0.133493	1
2248	1	0.0444775	1
2249	1	0.120852	0
2250	1	0.113377	1
2251	1	0.133493	1
2252	1	0.133493	1
2253	1	0.0300151	1
2254	1	0.111228	0
2255	1	0.0167767	1
2256	1	0.110914	1
2257	1	0.1049	0
2258	1	0.0300151	1
2259	1	0.113377	1
2260	1	0.113377	1
2261	1	0.113377	1
2262	1	0.133493	1
2263	1	0.120852	0
2264	1	0.113377	1
2265	1	0.120852	0
2266	1	0.107614	0
2267	1	0.101075	0
2268	1	0.133493	1
2269	1	0.110914	1
2270	1	0.120852	0
2271	1	0.0444775	1
2272	1	0.120852	0
2273	1	0.101075	0
2274	1	0.101075	0
2275	1	0.133493	1
2276	1	0.101075	0
2277	1	0.120852	0
2278	1	0.0300151	1
2279	1	0.113377	1
2280	1	0.110914	1
2281	1	0.133493	1
2282	1	0.111228	0
2283	1	0.101075	0
2284	1	0.110914	1
2285	1	0.110914	1
2286	1	0.1049	0
2287	1	0.0444775	1
2288	1	0.133493	1
2289	1	0.110914	1
2290	1	0.133493	1
2291	1	0.111228	0
2292	1	0.111228	0
2293	1	0.110914	1
2294	1	0.101075	0
2295	1	0.0167767	1
2296	1	0.133493	1
2297	1	0.101075	0
2298	1	0.0300151	1
2299	1	0.1049	0
2300	1	0.0167767	1
2301	1	0.113377	1
2302	1	0.113377	1
2303	1	0.110914	1
2304	1	0.0167767	1
2305	1	0.133493	1
2306	1	0.113377	1
2307	1	0.0167767	1
2308	1	0.113377	1
2309	1	0.101075	0
2310	1	0.113377	1
2311	1	0.101075	0
2312	1	0.133493	1
2313	1	0.0167767	1
2314	1	0.101075	0
2315	1	0.111228	0
2316	1	0.113377	1
2317	1	0.110914	1
2318	1	0.110914	1
2319	1	0.133493	1
2320	1	0.120852	0
2321	1	0.107614	0
2322	1	0.111228	0
2323	1	0.1049	0
2324	1	0.0444775	1
2325	1	0.113377	1
2326	1	0.0444775	1
2327	1	0.1049	0
2328	1	0.107614	0
2329	1	0.0300151	1
2330	1	0.1049	0
2331	1	0.107614	0
2332	1	0.110914	1
2333	1	0.1049	0
2334	1	0.0167767	1
2335	1	0.110914	1
2336	1	0.110914	1
2337	1	0.111228	0
2338	1	0.101075	0
2339	1	0.111228	0
2340	1	0.120852	0
2341	1	0.133493	1
2342	1	0.110914	1
2343	1	0.107614	0
2344	1	0.111228	0
2345	1	0.101075	0
2346	1	0.107614	0
2347	1	0.0444775	1
2348	1	0.113377	1
2349	1	0.120852	0
2350	1	0.113377	1
2351	1	0.101075	0
2352	1	0.1049	0
2353	1	0.120852	0
2354	1	0.107614	0
2355	1	0.107614	0
2356	1	0.110914	1
2357	1	0.101075	0
2358	1	0.101075	0
2359	1	0.133493	1
2360	1	0.111228	0
2361	1	0.111228	0
2362	1	0.110914	1
2363	1	0.120852	0
2364	1	0.101075	0
2365	1	0.113377	1
2366	1	0.111228	0
2367	1	0.107614	0
2368	1	0.101075	0
2369	1	0.0167767	1
2370	1	0.110914	1
2371	1	0.111228	0
2372	1	0.0167767	1
2373	1	0.133493	1
2374	1	0.120852	0
2375	1	0.120852	0
2376	1	0.133493	1
2377	1	0.101075	0
2378	1	0.107614	0
2379	1	0.133493	1
2380	1	0.101075	0
2381	1	0.133493	1
2382	1	0.110914	1
2383	1	0.110914	1
2384	1	0.107614	0
2385	1	0.111228	0
2386	1	0.111228	0
2387	1	0.133493	1
2388	1	0.0444775	1
2389	1	0.107614	0
2390	1	0.111228	0
2391	1	0.107614	0
2392	1	0.111228	0
2393	1	0.133493	1
2394	1	0.120852	0
2395	1	0.120852	0
2396	1	0.113377	1
2397	1	0.110914	1
2398	1	0.110914	1
2399	1	0.133493	1
2400	1	0.111228	0
2401	1	0.120852	0
2402	1	0.0444775	1
2403	1	0.107614	0
2404	1	0.1049	0
2405	1	0.110914	1
2406	1	0.101075	0
2407	1	0.0300151	1
2408	1	0.113377	1
2409	1	0.133493	1
2410	1	0.110914	1
2411	1	0.133493	1
2412	1	0.133493	1
2413	1	0.120852	0
2414	1	0.107614	0
2415	1	0.101075	0
2416	1	0.101075	0
2417	1	0.1049	0
2418	1	0.1049	0
2419	1	0.111228	0
2420	1	0.0444775	1
2421	1	0.107614	0
2422	1	0.110914	1
2423	1	0.120852	0
2424	1	0.107614	0
2425	1	0.0300151	1
2426	1	0.133493	1
2427	1	0.110914	1
2428	1	0.120852	0
2429	1	0.133493	1
2430	1	0.110914	1
2431	1	0.1049	0
2432	1	0.133493	1
2433	1	0.110914	1
2434	1	0.133493	1
2435	1	0.120852	0
2436	1	0.107614	0
2437	1	0.110914	1
2438	1	0.120852	0
2439	1	0.133493	1
2440	1	0.110914	1
2441	1	0.1049	0
2442	1	0.101075	0
2443	1	0.1049	0
2444	1	0.0300151	1
2445	1	0.107614	0
2446	1	0.107614	0
2447	1	0.133493	1
2448	1	0.0444775	1
2449	1	0.107614	0
2450	1	0.0300151	1
2451	1	0.120852	0
2452	1	0.101075	0
2453	1	0.107614	0
2454	1	0.133493	1
2455	1	0.1049	0
2456	1	0.1049	0
2457	1	0.0444775	1
2458	1	0.0167767	1
2459	1	0.120852	0
2460	1	0.111228	0
2461	1	0.133493	1
2462	1	0.101075	0
2463	1	0.1049	0
2464	1	0.1049	0
2465	1	0.113377	1
2466	1	0.113377	1
2467	1	0.111228	0
2468	1	0.101075	0
2469	1	0.0300151	1
2470	1	0.110914	1
2471	1	0.107614	0
2472	1	0.1049	0
2473	1	0.101075	0
2474	1	0.133493	1
2475	1	0.133493	1
2476	1	0.0444775	1
2477	1	0.110914	1
2478	1	0.120852	0
2479	1	0.133493	1
2480	1	0.133493	1
2481	1	0.107614	0
2482	1	0.0300151	1
2483	1	0.120852	0
2484	1	0.120852	0
2485	1	0.107614	0
2486	1	0.113377	1
2487	1	0.101075	0
2488	1	0.101075	0
2489	1	0.111228	0
2490	1	0.111228	0
2491	1	0.0300151	1
2492	1	0.113377	1
2493	1	0.120852	0
2494	1	0.120852	0
2495	1	0.107614	0
2496	1	0.113377	1
2497	1	0.0444775	1
2498	1	0.110914	1
2499	1	0.0167767	1
2500	1	0.1049	0
2501	1	0.110914	1
2502	1	0.107614	0
2503	1	0.1049	0
2504	1	0.111228	0
2505	1	0.0300151	1
2506	1	0.1049	0
2507	1	0.111228	0
2508	1	0.133493	1
2509	1	0.1049	0
2510	1	0.113377	1
2511	1	0.133493	1
2512	1	0.120852	0
2513	1	0.110914	1
2514	1	0.0300151	1
2515	1	0.0300151	1
2516	1	0.101075	0
2517	1	0.0444775	1
2518	1	0.1049	0
2519	1	0.110914	1
2520	1	0.101075	0
2521	1	0.110914	1
2522	1	0.110914	1
2523	1	0.113377	1
2524	1	0.133493	1
2525	1	0.111228	0
2526	1	0.107614	0
2527	1	0.133493	1
2528	1	0.120852	0
2529	1	0.111228	0
2530	1	0.0300151	1
2531	1	0.110914	1
2532	1	0.0300151	1
2533	1	0.110914	1
2534	1	0.111228	0
2535	1	0.107614	0
2536	1	0.133493	1
2537	1	0.101075	0
2538	1	0.120852	0
2539	1	0.133493	1
2540	1	0.120852	0
2541	1	0.133493	1
2542	1	0.111228	0
2543	1	0.107614	0
2544	1	0.120852	0
2545	1	0.1049	0
2546	1	0.101075	0
2547	1	0.0444775	1
2548	1	0.1049	0
2549	1	0.107614	0
2550	1	0.113377	1
2551	1	0.0444775	1
2552	1	0.110914	1
2553	1	0.133493	1
2554	1	0.120852	0
2555	1	0.113377	1
2556	1	0.111228	0
2557	1	0.133493	1
2558	1	0.111228	0
2559	1	0.120852	0
2560	1	0.0167767	1
2561	1	0.101075	0
2562	1	0.107614	0
2563	1	0.111228	0
2564	1	0.113377	1
2565	1	0.0300151	1
2566	1	0.133493	1
2567	1	0.110914	1
2568	1	0.0444775	1
2569	1	0.133493	1
2570	1	0.107614	0
2571	1	0.107614	0
2572	1	0.0300151	1
2573	1	0.133493	1
2574	1	0.110914	1
2575	1	0.110914	1
2576	1	0.133493	1
2577	1	0.1049	0
2578	1	0.101075	0
2579	1	0.0300151	1
2580	1	0.111228	0
2581	1	0.111228	0
2582	1	0.101075	0
2583	1	0.113377	1
2584	1	0.110914	1
2585	1	0.133493	1
2586	1	0.107614	0
2587	1	0.111228	0
2588	1	0.133493	1
2589	1	0.111228	0
2590	1	0.110914	1
2591	1	0.1049	0
2592	1	0.0444775	1
2593	1	0.1049	0
2594	1	0.1049	0
2595	1	0.110914	1
2596	1	0.113377	1
2597	1	0.113377	1
2598	1	0.111228	0
2599	1	0.111228	0
2600	1	0.133493	1
2601	1	0.120852	0
2602	1	0.120852	0
2603	1	0.1049	0
2604	1	0.107614	0
2605	1	0.0444775	1
2606	1	0.1049	0
2607	1	0.110914	1
2608	1	0.1049	0
2609	1	0.107614	0
2610	1	0.133493	1
2611	1	0.133493	1
2612	1	0.133493	1
2613	1	0.107614	0
2614	1	0.1049	0
2615	1	0.133493	1
2616	1	0.110914	1
2617	1	0.101075	0
2618	1	0.133493	1
2619	1	0.107614	0
2620	1	0.110914	1
2621	1	0.101075	0
2622	1	0.1049	0
2623	1	0.133493	1
2624	1	0.110914	1
2625	1	0.0300151	1
2626	1	0.133493	1
2627	1	0.113377	1
2628	1	0.101075	0
2629	1	0.110914	1
2630	1	0.1049	0
2631	1	0.113377	1
2632	1	0.110914	1
2633	1	0.111228	0
2634	1	0.133493	1
2635	1	0.107614	0
2636	1	0.107614	0
2637	1	0.113377	1
2638	1	0.113377	1
2639	1	0.133493	1
2640	1	0.133493	1
2641	1	0.110914	1
2642	1	0.133493	1
2643	1	0.120852	0
2644	1	0.113377	1
2645	1	0.133493	1
2646	1	0.1049	0
2647	1	0.120852	0
2648	1	0.0167767	1
2649	1	0.107614	0
2650	1	0.101075	0
2651	1	0.133493	1
2652	1	0.1049	0
2653	1	0.101075	0
2654	1	0.120852	0
2655	1	0.107614	0
2656	1	0.101075	0
2657	1	0.111228	0
2658	1	0.0444775	1
2659	1	0.101075	0
2660	1	0.120852	0
2661	1	0.113377	1
2662	1	0.1049	0
2663	1	0.120852	0
2664	1	0.107614	0
2665	1	0.111228	0
2666	1	0.1049	0
2667	1	0.0444775	1
2668	1	0.133493	1
2669	1	0.133493	1
2670	1	0.1049	0
2671	1	0.107614	0
2672	1	0.133493	1
2673	1	0.111228	0
2674	1	0.113377	1
2675	1	0.1049	0
2676	1	0.107614	0
2677	1	0.107614	0
2678	1	0.107614	0
2679	1	0.133493	1
2680	1	0.110914	1
2681	1	0.133493	1
2682	1	0.0167767	1
2683	1	0.101075	0
2684	1	0.101075	0
2685	1	0.111228	0
2686	1	0.0300151	1
2687	1	0.0167767	1
2688	1	0.101075	0
2689	1	0.133493	1
2690	1	0.111228	0
2691	1	0.133493	1
2692	1	0.0444775	1
2693	1	0.133493	1
2694	1	0.107614	0
2695	1	0.111228	0
2696	1	0.107614	0
2697	1	0.110914	1
2698	1	0.0167767	1
2699	1	0.1049	0
2700	1	0.1049	0
2701	1	0.110914	1
2702	1	0.107614	0
2703	1	0.120852	0
2704	1	0.111228	0
2705	1	0.1049	0
2706	1	0.101075	0
2707	1	0.107614	0
2708	1	0.120852	0
2709	1	0.113377	1
2710	1	0.120852	0
2711	1	0.133493	1
2712	1	0.107614	0
2713	1	0.120852	0
2714	1	0.133493	1
2715	1	0.101075	0
2716	1	0.111228	0
2717	1	0.110914	1
2718	1	0.110914	1
2719	1	0.120852	0
2720	1	0.1049	0
2721	1	0.113377	1
2722	1	0.133493	1
2723	1	0.120852	0
2724	1	0.101075	0
2725	1	0.110914	1
2726	1	0.107614	0
2727	1	0.1049	0
2728	1	0.133493	1
2729	1	0.101075	0
2730	1	0.111228	0
2731	1	0.101075	0
2732	1	0.101075	0
2733	1	0.101075	0
2734	1	0.133493	1
2735	1	0.1049	0
2736	1	0.107614	0
2737	1	0.107614	0
2738	1	0.133493	1
2739	1	0.110914	1
2740	1	0.133493	1
2741	1	0.133493	1
2742	1	0.110914	1
2743	1	0.1049	0
2744	1	0.110914	1
2745	1	0.113377	1
2746	1	0.120852	0
2747	1	0.133493	1
2748	1	0.133493	1
2749	1	0.1049	0
2750	1	0.120852	0
2751	1	0.111228	0
2752	1	0.113377	1
2753	1	0.133493	1
2754	1	0.133493	1
2755	1	0.111228	0
2756	1	0.111228	0
2757	1	0.111228	0
2758	1	0.120852	0
2759	1	0.101075	0
2760	1	0.133493	1
2761	1	0.1049	0
2762	1	0.1049	0
2763	1	0.110914	1
2764	1	0.111228	0
2765	1	0.110914	1
2766	1	0.107614	0
2767	1	0.110914	1
2768	1	0.133493	1
2769	1	0.0444775	1
2770	1	0.110914	1
2771	1	0.133493	1
2772	1	0.133493	1
2773	1	0.1049	0
2774	1	0.1049	0
2775	1	0.133493	1
2776	1	0.113377	1
2777	1	0.101075	0
2778	1	0.0300151	1
2779	1	0.113377	1
2780	1	0.101075	0
2781	1	0.110914	1
2782	1	0.120852	0
2783	1	0.111228	0
2784	1	0.101075	0
2785	1	0.107614	0
2786	1	0.133493	1
2787	1	0.111228	0
2788	1	0.110914	1
2789	1	0.0300151	1
2790	1	0.133493	1
2791	1	0.101075	0
2792	1	0.1049	0
2793	1	0.101075	0
2794	1	0.133493	1
2795	1	0.133493	1
2796	1	0.0444775	1
2797	1	0.101075	0
2798	1	0.111228	0
2799	1	0.111228	0
2800	1	0.0444775	1
2801	1	0.101075	0
2802	1	0.1049	0
2803	1	0.110914	1
2804	1	0.110914	1
2805	1	0.1049	0
2806	1	0.133493	1
2807	1	0.1049	0
2808	1	0.113377	1
2809	1	0.110914	1
2810	1	0.113377	1
2811	1	0.1049	0
2812	1	0.111228	0
2813	1	0.101075	0
2814	1	0.111228	0
2815	1	0.0300151	1
2816	1	0.113377	1
2817	1	0.101075	0
2818	1	0.120852	0
2819	1	0.133493	1
2820	1	0.110914	1
2821	1	0.133493	1
2822	1	0.101075	0
2823	1	0.110914	1
2824	1	0.110914	1
2825	1	0.0167767	1
2826	1	0.110914	1
2827	1	0.111228	0
2828	1	0.0444775	1
2829	1	0.0444775	1
2830	1	0.133493	1
2831	1	0.110914	1
2832	1	0.120852	0
2833	1	0.110914	1
2834	1	0.120852	0
2835	1	0.0444775	1
2836	1	0.120852	0
2837	1	0.133493	1
2838	1	0.113377	1
2839	1	0.101075	0
2840	1	0.111228	0
2841	1	0.101075	0
2842	1	0.113377	1
2843	1	0.0300151	1
2844	1	0.0444775	1
2845	1	0.110914	1
2846	1	0.1049	0
2847	1	0.111228	0
2848	1	0.101075	0
2849	1	0.133493	1
2850	1	0.113377	1
2851	1	0.107614	0
2852	1	0.107614	0
2853	1	0.133493	1
2854	1	0.133493	1
2855	1	0.110914	1
2856	1	0.111228	0
2857	1	0.0167767	1
2858	1	0.120852	0
2859	1	0.133493	1
2860	1	0.1049	0
2861	1	0.101075	0
2862	1	0.101075	0
2863	1	0.113377	1
2864	1	0.133493	1
2865	1	0.133493	1
2866	1	0.120852	0
2867	1	0.113377	1
2868	1	0.120852	0
2869	1	0.111228	0
2870	1	0.101075	0
2871	1	0.0167767	1
2872	1	0.107614	0
2873	1	0.120852	0
2874	1	0.120852	0
2875	1	0.107614	0
2876	1	0.120852	0
2877	1	0.1049	0
2878	1	0.0300151	1
2879	1	0.133493	1
2880	1	0.0300151	1
2881	1	0.113377	1
2882	1	0.107614	0
2883	1	0.120852	0
2884	1	0.120852	0
2885	1	0.133493	1
2886	1	0.101075	0
2887	1	0.1049	0
2888	1	0.0300151	1
2889	1	0.113377	1
2890	1	0.120852	0
2891	1	0.133493	1
2892	1	0.133493	1
2893	1	0.107614	0
2894	1	0.1049	0
2895	1	0.120852	0
2896	1	0.133493	1
2897	1	0.120852	0
2898	1	0.107614	0
2899	1	0.1049	0
2900	1	0.113377	1
2901	1	0.133493	1
2902	1	0.0300151	1
2903	1	0.113377	1
2904	1	0.101075	0
2905	1	0.110914	1
2906	1	0.113377	1
2907	1	0.133493	1
2908	1	0.107614	0
2909	1	0.133493	1
2910	1	0.0444775	1
2911	1	0.111228	0
2912	1	0.111228	0
2913	1	0.133493	1
2914	1	0.113377	1
2915	1	0.0444775	1
2916	1	0.133493	1
2917	1	0.101075	0
2918	1	0.133493	1
2919	1	0.120852	0
2920	1	0.101075	0
2921	1	0.113377	1
2922	1	0.111228	0
2923	1	0.111228	0
2924	1	0.1049	0
2925	1	0.110914	1
2926	1	0.1049	0
2927	1	0.107614	0
2928	1	0.0300151	1
2929	1	0.120852	0
2930	1	0.111228	0
2931	1	0.113377	1
2932	1	0.107614	0
2933	1	0.120852	0
2934	1	0.107614	0
2935	1	0.111228	0
2936	1	0.111228	0
2937	1	0.111228	0
2938	1	0.111228	0
2939	1	0.1049	0
2940	1	0.0444775	1
2941	1	0.107614	0
2942	1	0.107614	0
2943	1	0.120852	0
2944	1	0.133493	1
2945	1	0.0167767	1
2946	1	0.120852	0
2947	1	0.133493	1
2948	1	0.107614	0
2949	1	0.133493	1
2950	1	0.0444775	1
2951	1	0.0167767	1
2952	1	0.0167767	1
2953	1	0.113377	1
2954	1	0.110914	1
2955	1	0.107614	0
2956	1	0.120852	0
2957	1	0.133493	1
2958	1	0.110914	1
2959	1	0.1049	0
2960	1	0.101075	0
2961	1	0.133493	1
2962	1	0.113377	1
2963	1	0.1049	0
2964	1	0.111228	0
2965	1	0.110914	1
2966	1	0.1049	0
2967	1	0.133493	1
2968	1	0.113377	1
2969	1	0.133493	1
2970	1	0.111228	0
2971	1	0.120852	0
2972	1	0.107614	0
2973	1	0.111228	0
2974	1	0.133493	1
2975	1	0.133493	1
2976	1	0.133493	1
2977	1	0.133493	1
2978	1	0.0444775	1
2979	1	0.0444775	1
2980	1	0.110914	1
2981	1	0.0167767	1
2982	1	0.133493	1
2983	1	0.120852	0
2984	1	0.113377	1
2985	1	0.107614	0
2986	1	0.110914	1
2987	1	0.133493	1
2988	1	0.111228	0
2989	1	0.133493	1
2990	1	0.133493	1
2991	1	0.133493	1
2992	1	0.101075	0
2993	1	0.107614	0
2994	1	0.0300151	1
2995	1	0.110914	1
2996	1	0.101075	0
2997	1	0.107614	0
2998	1	0.107614	0
2999	1	0.120852	0
3000	1	0.111228	0
3001	1	0.133493	1
3002	1	0.133493	1
3003	1	0.1049	0
3004	1	0.120852	0
3005	1	0.107614	0
3006	1	0.110914	1
3007	1	0.101075	0
3008	1	0.1049	0
3009	1	0.111228	0
3010	1	0.133493	1
3011	1	0.107614	0
3012	1	0.133493	1
3013	1	0.133493	1
3014	1	0.120852	0
3015	1	0.111228	0
3016	1	0.0167767	1
3017	1	0.1049	0
3018	1	0.0444775	1
3019	1	0.111228	0
3020	1	0.113377	1
3021	1	0.107614	0
3022	1	0.0167767	1
3023	1	0.0300151	1
3024	1	0.113377	1
3025	1	0.110914	1
3026	1	0.101075	0
3027	1	0.120852	0
3028	1	0.133493	1
3029	1	0.120852	0
3030	1	0.111228	0
3031	1	0.1049	0
3032	1	0.101075	0
3033	1	0.133493	1
3034	1	0.107614	0
3035	1	0.0300151	1
3036	1	0.133493	1
3037	1	0.107614	0
3038	1	0.120852	0
3039	1	0.0300151	1
3040	1	0.110914	1
3041	1	0.110914	1
3042	1	0.1049	0
3043	1	0.110914	1
3044	1	0.101075	0
3045	1	0.107614	0
3046	1	0.113377	1
3047	1	0.101075	0
3048	1	0.133493	1
3049	1	0.101075	0
3050	1	0.0300151	1
3051	1	0.111228	0
3052	1	0.113377	1
3053	1	0.113377	1
3054	1	0.101075	0
3055	1	0.111228	0
3056	1	0.1049	0
3057	1	0.1049	0
3058	1	0.120852	0
3059	1	0.120852	0
3060	1	0.1049	0
3061	1	0.101075	0
3062	1	0.111228	0
3063	1	0.113377	1
3064	1	0.0167767	1
3065	1	0.113377	1
3066	1	0.107614	0
3067	1	0.110914	1
3068	1	0.0300151	1
3069	1	0.0444775	1
3070	1	0.110914	1
3071	1	0.133493	1
3072	1	0.110914	1
3073	1	0.1049	0
3074	1	0.101075	0
3075	1	0.101075	0
3076	1	0.133493	1
3077	1	0.0167767	1
3078	1	0.113377	1
3079	1	0.1049	0
3080	1	0.1049	0
3081	1	0.0444775	1
3082	1	0.1049	0
3083	1	0.113377	1
3084	1	0.133493	1
3085	1	0.111228	0
3086	1	0.133493	1
3087	1	0.107614	0
3088	1	0.110914	1
3089	1	0.120852	0
3090	1	0.1049	0
3091	1	0.113377	1
3092	1	0.120852	0
3093	1	0.133493	1
3094	1	0.1049	0
3095	1	0.120852	0
3096	1	0.111228	0
3097	1	0.120852	0
3098	1	0.110914	1
3099	1	0.120852	0
3100	1	0.133493	1
3101	1	0.110914	1
3102	1	0.0300151	1
3103	1	0.110914	1
3104	1	0.133493	1
3105	1	0.133493	1
3106	1	0.107614	0
3107	1	0.120852	0
3108	1	0.133493	1
3109	1	0.113377	1
3110	1	0.133493	1
3111	1	0.107614	0
3112	1	0.101075	0
3113	1	0.120852	0
3114	1	0.107614	0
3115	1	0.0167767	1
3116	1	0.111228	0
3117	1	0.101075	0
3118	1	0.133493	1
3119	1	0.133493	1
3120	1	0.110914	1
3121	1	0.133493	1
3122	1	0.0444775	1
3123	1	0.1049	0
3124	1	0.0167767	1
3125	1	0.1049	0
3126	1	0.113377	1
3127	1	0.101075	0
3128	1	0.0167767	1
3129	1	0.0444775	1
3130	1	0.133493	1
3131	1	0.113377	1
3132	1	0.107614	0
3133	1	0.133493	1
3134	1	0.0444775	1
3135	1	0.107614	0
3136	1	0.113377	1
3137	1	0.133493	1
3138	1	0.0300151	1
3139	1	0.133493	1
3140	1	0.110914	1
3141	1	0.111228	0
3142	1	0.0444775	1
3143	1	0.120852	0
3144	1	0.107614	0
3145	1	0.111228	0
3146	1	0.0444775	1
3147	1	0.110914	1
3148	1	0.101075	0
3149	1	0.101075	0
3150	1	0.110914	1
3151	1	0.0444775	1
3152	1	0.111228	0
3153	1	0.0300151	1
3154	1	0.133493	1
3155	1	0.133493	1
3156	1	0.113377	1
3157	1	0.110914	1
3158	1	0.107614	0
3159	1	0.111228	0
3160	1	0.107614	0
3161	1	0.101075	0
3162	1	0.133493	1
3163	1	0.110914	1
3164	1	0.113377	1
3165	1	0.107614	0
3166	1	0.101075	0
3167	1	0.107614	0
3168	1	0.113377	1
3169	1	0.1049	0
3170	1	0.110914	1
3171	1	0.133493	1
3172	1	0.1049	0
3173	1	0.0167767	1
3174	1	0.0444775	1
3175	1	0.113377	1
3176	1	0.133493	1
3177	1	0.133493	1
3178	1	0.120852	0
3179	1	0.101075	0
3180	1	0.107614	0
3181	1	0.107614	0
3182	1	0.110914	1
3183	1	0.111228	0
3184	1	0.101075	0
3185	1	0.120852	0
3186	1	0.110914	1
3187	1	0.110914	1
3188	1	0.111228	0
3189	1	0.0167767	1
3190	1	0.111228	0
3191	1	0.101075	0
3192	1	0.101075	0
3193	1	0.0444775	1
3194	1	0.107614	0
3195	1	0.110914	1
3196	1	0.133493	1
3197	1	0.133493	1
3198	1	0.101075	0
3199	1	0.1049	0
3200	1	0.120852	0
3201	1	0.107614	0
3202	1	0.120852	0
3203	1	0.111228	0
3204	1	0.107614	0
3205	1	0.133493	1
3206	1	0.0444775	1
3207	1	0.0444775	1
3208	1	0.0444775	1
3209	1	0.107614	0
3210	1	0.107614	0
3211	1	0.110914	1
3212	1	0.111228	0
3213	1	0.120852	0
3214	1	0.111228	0
3215	1	0.107614	0
3216	1	0.113377	1
3217	1	0.1049	0
3218	1	0.120852	0
3219	1	0.110914	1
3220	1	0.101075	0
3221	1	0.111228	0
3222	1	0.110914	1
3223	1	0.133493	1
3224	1	0.101075	0
3225	1	0.133493	1
3226	1	0.120852	0
3227	1	0.0444775	1
3228	1	0.101075	0
3229	1	0.0167767	1
3230	1	0.0444775	1
3231	1	0.107614	0
3232	1	0.110914	1
3233	1	0.0444775	1
3234	1	0.113377	1
3235	1	0.120852	0
3236	1	0.133493	1
3237	1	0.0444775	1
3238	1	0.111228	0
3239	1	0.133493	1
3240	1	0.110914	1
3241	1	0.0300151	1
3242	1	0.120852	0
3243	1	0.1049	0
3244	1	0.110914	1
3245	1	0.113377	1
3246	1	0.133493	1
3247	1	0.110914	1
3248	1	0.111228	0
3249	1	0.133493	1
3250	1	0.113377	1
3251	1	0.107614	0
3252	1	0.111228	0
3253	1	0.111228	0
3254	1	0.133493	1
3255	1	0.133493	1
3256	1	0.133493	1
3257	1	0.1049	0
3258	1	0.107614	0
3259	1	0.1049	0
3260	1	0.0167767	1
3261	1	0.101075	0
3262	1	0.120852	0
3263	1	0.0444775	1
3264	1	0.0300151	1
3265	1	0.133493	1
3266	1	0.111228	0
3267	1	0.107614	0
3268	1	0.107614	0
3269	1	0.101075	0
3270	1	0.120852	0
3271	1	0.113377	1
3272	1	0.120852	0
3273	1	0.1049	0
3274	1	0.1049	0
3275	1	0.110914	1
3276	1	0.113377	1
3277	1	0.120852	0
3278	1	0.101075	0
3279	1	0.0300151	1
3280	1	0.1049	0
3281	1	0.133493	1
3282	1	0.107614	0
3283	1	0.0300151	1
3284	1	0.120852	0
3285	1	0.110914	1
3286	1	0.110914	1
3287	1	0.101075	0
3288	1	0.0167767	1
3289	1	0.133493	1
3290	1	0.1049	0
3291	1	0.120852	0
3292	1	0.120852	0
3293	1	0.110914	1
3294	1	0.133493	1
3295	1	0.1049	0
3296	1	0.133493	1
3297	1	0.113377	1
3298	1	0.101075	0
3299	1	0.101075	0
3300	1	0.101075	0
3301	1	0.1049	0
3302	1	0.113377	1
3303	1	0.120852	0
3304	1	0.120852	0
3305	1	0.1049	0
3306	1	0.111228	0
3307	1	0.133493	1
3308	1	0.111228	0
3309	1	0.0444775	1
3310	1	0.133493	1
3311	1	0.133493	1
3312	1	0.133493	1
3313	1	0.101075	0
3314	1	0.113377	1
3315	1	0.120852	0
3316	1	0.107614	0
3317	1	0.0444775	1
3318	1	0.0300151	1
3319	1	0.0300151	1
3320	1	0.113377	1
3321	1	0.110914	1
3322	1	0.113377	1
3323	1	0.113377	1
3324	1	0.111228	0
3325	1	0.110914	1
3326	1	0.133493	1
3327	1	0.133493	1
3328	1	0.1049	0
3329	1	0.101075	0
3330	1	0.101075	0
3331	1	0.1049	0
3332	1	0.133493	1
3333	1	0.111228	0
3334	1	0.107614	0
3335	1	0.107614	0
3336	1	0.110914	1
3337	1	0.0300151	1
3338	1	0.113377	1
3339	1	0.0300151	1
3340	1	0.110914	1
3341	1	0.113377	1
3342	1	0.101075	0
3343	1	0.120852	0
3344	1	0.133493	1
3345	1	0.133493	1
3346	1	0.133493	1
3347	1	0.111228	0
3348	1	0.111228	0
3349	1	0.120852	0
3350	1	0.107614	0
3351	1	0.120852	0
3352	1	0.111228	0
3353	1	0.110914	1
3354	1	0.107614	0
3355	1	0.0300151	1
3356	1	0.111228	0
3357	1	0.111228	0
3358	1	0.101075	0
3359	1	0.111228	0
3360	1	0.107614	0
3361	1	0.120852	0
3362	1	0.107614	0
3363	1	0.120852	0
3364	1	0.113377	1
3365	1	0.113377	1
3366	1	0.110914	1
3367	1	0.110914	1
3368	1	0.133493	1
3369	1	0.133493	1
3370	1	0.0444775	1
3371	1	0.0300151	1
3372	1	0.113377	1
3373	1	0.113377	1
3374	1	0.113377	1
3375	1	0.0167767	1
3376	1	0.101075	0
3377	1	0.0444775	1
3378	1	0.120852	0
3379	1	0.1049	0
3380	1	0.1049	0
3381	1	0.107614	0
3382	1	0.1049	0
3383	1	0.101075	0
3384	1	0.101075	0
3385	1	0.133493	1
3386	1	0.133493	1
3387	1	0.0167767	1
3388	1	0.110914	1
3389	1	0.111228	0
3390	1	0.101075	0
3391	1	0.0444775	1
3392	1	0.133493	1
3393	1	0.110914	1
3394	1	0.110914	1
3395	1	0.101075	0
3396	1	0.107614	0
3397	1	0.107614	0
3398	1	0.101075	0
3399	1	0.133493	1
3400	1	0.110914	1
3401	1	0.107614	0
3402	1	0.113377	1
3403	1	0.107614	0
3404	1	0.113377	1
3405	1	0.133493	1
3406	1	0.113377	1
3407	1	0.120852	0
3408	1	0.133493	1
3409	1	0.120852	0
3410	1	0.101075	0
3411	1	0.110914	1
3412	1	0.1049	0
3413	1	0.1049	0
3414	1	0.113377	1
3415	1	0.107614	0
3416	1	0.107614	0
3417	1	0.1049	0
3418	1	0.110914	1
3419	1	0.0167767	1
3420	1	0.1049	0
3421	1	0.120852	0
3422	1	0.110914	1
3423	1	0.120852	0
3424	1	0.107614	0
3425	1	0.133493	1
3426	1	0.101075	0
3427	1	0.0444775	1
3428	1	0.1049	0
3429	1	0.133493	1
3430	1	0.1049	0
3431	1	0.113377	1
3432	1	0.110914	1
3433	1	0.107614	0
3434	1	0.133493	1
3435	1	0.113377	1
3436	1	0.120852	0
3437	1	0.133493	1
3438	1	0.113377	1
3439	1	0.101075	0
3440	1	0.133493	1
3441	1	0.120852	0
3442	1	0.107614	0
3443	1	0.111228	0
3444	1	0.120852	0
3445	1	0.113377	1
3446	1	0.133493	1
3447	1	0.113377	1
3448	1	0.101075	0
3449	1	0.111228	0
3450	1	0.1049	0
3451	1	0.1049	0
3452	1	0.113377	1
3453	1	0.107614	0
3454	1	0.120852	0
3455	1	0.107614	0
3456	1	0.133493	1
3457	1	0.110914	1
3458	1	0.133493	1
3459	1	0.110914	1
3460	1	0.0167767	1
3461	1	0.113377	1
3462	1	0.0167767	1
3463	1	0.107614	0
3464	1	0.101075	0
3465	1	0.111228	0
3466	1	0.101075	0
3467	1	0.113377	1
3468	1	0.110914	1
3469	1	0.0167767	1
3470	1	0.120852	0
3471	1	0.133493	1
3472	1	0.107614	0
3473	1	0.1049	0
3474	1	0.101075	0
3475	1	0.107614	0
3476	1	0.0167767	1
3477	1	0.107614	0
3478	1	0.133493	1
3479	1	0.107614	0
3480	1	0.111228	0
3481	1	0.0300151	1
3482	1	0.111228	0
3483	1	0.1049	0
3484	1	0.133493	1
3485	1	0.111228	0
3486	1	0.133493	1
3487	1	0.0300151	1
3488	1	0.113377	1
3489	1	0.110914	1
3490	1	0.1049	0
3491	1	0.120852	0
3492	1	0.133493	1
3493	1	0.1049	0
3494	1	0.113377	1
3495	1	0.113377	1
3496	1	0.111228	0
3497	1	0.110914	1
3498	1	0.1049	0
3499	1	0.120852	0
3500	1	0.113377	1
3501	1	0.107614	0
3502	1	0.113377	1
3503	1	0.113377	1
3504	1	0.113377	1
3505	1	0.113377	1
3506	1	0.107614	0
3507	1	0.120852	0
3508	1	0.110914	1
3509	1	0.0167767	1
3510	1	0.107614	0
3511	1	0.101075	0
3512	1	0.110914	1
3513	1	0.0167767	1
3514	1	0.101075	0
3515	1	0.111228	0
3516	1	0.0167767	1
3517	1	0.101075	0
3518	1	0.1049	0
3519	1	0.113377	1
3520	1	0.120852	0
3521	1	0.133493	1
3522	1	0.0300151	1
3523	1	0.133493	1
3524	1	0.133493	1
3525	1	0.0300151	1
3526	1	0.133493	1
3527	1	0.133493	1
3528	1	0.120852	0
3529	1	0.110914	1
3530	1	0.133493	1
3531	1	0.1049	0
3532	1	0.101075	0
3533	1	0.0444775	1
3534	1	0.1049	0
3535	1	0.0167767	1
3536	1	0.0444775	1
3537	1	0.113377	1
3538	1	0.0167767	1
3539	1	0.113377	1
3540	1	0.110914	1
3541	1	0.111228	0
3542	1	0.120852	0
3543	1	0.101075	0
3544	1	0.113377	1
3545	1	0.1049	0
3546	1	0.107614	0
3547	1	0.110914	1
3548	1	0.110914	1
3549	1	0.107614	0
3550	1	0.113377	1
3551	1	0.1049	0
3552	1	0.107614	0
3553	1	0.120852	0
3554	1	0.0444775	1
3555	1	0.1049	0
3556	1	0.0444775	1
3557	1	0.0300151	1
3558	1	0.1049	0
3559	1	0.1049	0
3560	1	0.0444775	1
3561	1	0.101075	0
3562	1	0.0444775	1
3563	1	0.120852	0
3564	1	0.111228	0
3565	1	0.1049	0
3566	1	0.1049	0
3567	1	0.111228	0
3568	1	0.107614	0
3569	1	0.0300151	1
3570	1	0.0444775	1
3571	1	0.107614	0
3572	1	0.133493	1
3573	1	0.113377	1
3574	1	0.1049	0
3575	1	0.110914	1
3576	1	0.101075	0
3577	1	0.111228	0
3578	1	0.120852	0
3579	1	0.110914	1
3580	1	0.111228	0
3581	1	0.110914	1
3582	1	0.120852	0
3583	1	0.0444775	1
3584	1	0.101075	0
3585	1	0.133493	1
3586	1	0.113377	1
3587	1	0.0444775	1
3588	1	0.110914	1
3589	1	0.110914	1
3590	1	0.0444775	1
3591	1	0.110914	1
3592	1	0.133493	1
3593	1	0.0444775	1
3594	1	0.111228	0
3595	1	0.111228	0
3596	1	0.113377	1
3597	1	0.1049	0
3598	1	0.113377	1
3599	1	0.0167767	1
3600	1	0.133493	1
3601	1	0.0167767	1
3602	1	0.110914	1
3603	1	0.101075	0
3604	1	0.111228	0
3605	1	0.120852	0
3606	1	0.1049	0
3607	1	0.1049	0
3608	1	0.111228	0
3609	1	0.113377	1
3610	1	0.133493	1
3611	1	0.1049	0
3612	1	0.111228	0
3613	1	0.133493	1
3614	1	0.110914	1
3615	1	0.133493	1
3616	1	0.133493	1
3617	1	0.113377	1
3618	1	0.113377	1
3619	1	0.120852	0
3620	1	0.111228	0
3621	1	0.113377	1
3622	1	0.107614	0
3623	1	0.1049	0
3624	1	0.111228	0
3625	1	0.120852	0
3626	1	0.111228	0
3627	1	0.0300151	1
3628	1	0.107614	0
3629	1	0.111228	0
3630	1	0.113377	1
3631	1	0.133493	1
3632	1	0.0444775	1
3633	1	0.120852	0
3634	1	0.101075	0
3635	1	0.0444775	1
3636	1	0.1049	0
3637	1	0.111228	0
3638	1	0.120852	0
3639	1	0.111228	0
3640	1	0.133493	1
3641	1	0.101075	0
3642	1	0.0444775	1
3643	1	0.120852	0
3644	1	0.0444775	1
3645	1	0.133493	1
3646	1	0.133493	1
3647	1	0.133493	1
3648	1	0.110914	1
3649	1	0.133493	1
3650	1	0.113377	1
3651	1	0.113377	1
3652	1	0.113377	1
3653	1	0.101075	0
3654	1	0.1049	0
3655	1	0.120852	0
3656	1	0.0300151	1
3657	1	0.0444775	1
3658	1	0.1049	0
3659	1	0.133493	1
3660	1	0.113377	1
3661	1	0.0444775	1
3662	1	0.110914	1
3663	1	0.120852	0
3664	1	0.111228	0
3665	1	0.1049	0
3666	1	0.110914	1
3667	1	0.133493	1
3668	1	0.107614	0
3669	1	0.133493	1
3670	1	0.101075	0
3671	1	0.120852	0
3672	1	0.111228	0
3673	1	0.101075	0
3674	1	0.101075	0
3675	1	0.110914	1
3676	1	0.107614	0
3677	1	0.113377	1
3678	1	0.113377	1
3679	1	0.111228	0
3680	1	0.111228	0
3681	1	0.111228	0
3682	1	0.113377	1
3683	1	0.0444775	1
3684	1	0.111228	0
3685	1	0.1049	0
3686	1	0.0167767	1
3687	1	0.120852	0
3688	1	0.111228	0
3689	1	0.0444775	1
3690	1	0.133493	1
3691	1	0.133493	1
3692	1	0.0444775	1
3693	1	0.133493	1
3694	1	0.0444775	1
3695	1	0.101075	0
3696	1	0.110914	1
3697	1	0.107614	0
3698	1	0.0300151	1
3699	1	0.101075	0
3700	1	0.133493	1
3701	1	0.113377	1
3702	1	0.113377	1
3703	1	0.113377	1
3704	1	0.101075	0
3705	1	0.133493	1
3706	1	0.113377	1
3707	1	0.107614	0
3708	1	0.1049	0
3709	1	0.1049	0
3710	1	0.107614	0
3711	1	0.1049	0
3712	1	0.113377	1
3713	1	0.110914	1
3714	1	0.120852	0
3715	1	0.111228	0
3716	1	0.1049	0
3717	1	0.111228	0
3718	1	0.107614	0
3719	1	0.0444775	1
3720	1	0.107614	0
3721	1	0.111228	0
3722	1	0.110914	1
3723	1	0.107614	0
3724	1	0.113377	1
3725	1	0.111228	0
3726	1	0.0300151	1
3727	1	0.120852	0
3728	1	0.1049	0
3729	1	0.133493	1
3730	1	0.1049	0
3731	1	0.111228	0
3732	1	0.111228	0
3733	1	0.1049	0
3734	1	0.0167767	1
3735	1	0.120852	0
3736	1	0.133493	1
3737	1	0.110914	1
3738	1	0.101075	0
3739	1	0.0300151	1
3740	1	0.107614	0
3741	1	0.133493	1
3742	1	0.107614	0
3743	1	0.1049	0
3744	1	0.0444775	1
3745	1	0.113377	1
3746	1	0.0444775	1
3747	1	0.133493	1
3748	1	0.110914	1
3749	1	0.133493	1
3750	1	0.120852	0
3751	1	0.120852	0
3752	1	0.0300151	1
3753	1	0.133493	1
3754	1	0.0167767	1
3755	1	0.120852	0
3756	1	0.120852	0
3757	1	0.101075	0
3758	1	0.0300151	1
3759	1	0.111228	0
3760	1	0.110914	1
3761	1	0.133493	1
3762	1	0.113377	1
3763	1	0.101075	0
3764	1	0.101075	0
3765	1	0.113377	1
3766	1	0.133493	1
3767	1	0.0300151	1
3768	1	0.1049	0
3769	1	0.107614	0
3770	1	0.107614	0
3771	1	0.101075	0
3772	1	0.101075	0
3773	1	0.133493	1
3774	1	0.120852	0
3775	1	0.133493	1
3776	1	0.111228	0
3777	1	0.101075	0
3778	1	0.113377	1
3779	1	0.101075	0
3780	1	0.107614	0
3781	1	0.113377	1
3782	1	0.110914	1
3783	1	0.0300151	1
3784	1	0.101075	0
3785	1	0.1049	0
3786	1	0.113377	1
3787	1	0.101075	0
3788	1	0.101075	0
3789	1	0.0444775	1
3790	1	0.101075	0
3791	1	0.113377	1
3792	1	0.120852	0
3793	1	0.110914	1
3794	1	0.1049	0
3795	1	0.110914	1
3796	1	0.120852	0
3797	1	0.111228	0
3798	1	0.0167767	1
3799	1	0.107614	0
3800	1	0.101075	0
3801	1	0.111228	0
3802	1	0.107614	0
3803	1	0.111228	0
3804	1	0.0167767	1
3805	1	0.107614	0
3806	1	0.110914	1
3807	1	0.110914	1
3808	1	0.110914	1
3809	1	0.133493	1
3810	1	0.110914	1
3811	1	0.133493	1
3812	1	0.0167767	1
3813	1	0.1049	0
3814	1	0.110914	1
3815	1	0.0167767	1
3816	1	0.110914	1
3817	1	0.1049	0
3818	1	0.110914	1
3819	1	0.113377	1
3820	1	0.0300151	1
3821	1	0.101075	0
3822	1	0.1049	0
3823	1	0.1049	0
3824	1	0.101075	0
3825	1	0.0444775	1
3826	1	0.1049	0
3827	1	0.133493	1
3828	1	0.113377	1
3829	1	0.110914	1
3830	1	0.133493	1
3831	1	0.133493	1
3832	1	0.133493	1
3833	1	0.133493	1
3834	1	0.107614	0
3835	1	0.0444775	1
3836	1	0.1049	0
3837	1	0.120852	0
3838	1	0.101075	0
3839	1	0.111228	0
3840	1	0.113377	1
3841	1	0.0167767	1
3842	1	0.113377	1
3843	1	0.113377	1
3844	1	0.120852	0
3845	1	0.1049	0
3846	1	0.0300151	1
3847	1	0.120852	0
3848	1	0.120852	0
3849	1	0.101075	0
3850	1	0.120852	0
3851	1	0.120852	0
3852	1	0.113377	1
3853	1	0.120852	0
3854	1	0.133493	1
3855	1	0.0444775	1
3856	1	0.120852	0
3857	1	0.1049	0
3858	1	0.120852	0
3859	1	0.107614	0
3860	1	0.101075	0
3861	1	0.1049	0
3862	1	0.120852	0
3863	1	0.110914	1
3864	1	0.113377	1
3865	1	0.107614	0
3866	1	0.133493	1
3867	1	0.1049	0
3868	1	0.0300151	1
3869	1	0.0300151	1
3870	1	0.110914	1
3871	1	0.120852	0
3872	1	0.113377	1
3873	1	0.113377	1
3874	1	0.133493	1
3875	1	0.113377	1
3876	1	0.107614	0
3877	1	0.0167767	1
3878	1	0.111228	0
3879	1	0.111228	0
3880	1	0.107614	0
3881	1	0.120852	0
3882	1	0.0300151	1
3883	1	0.111228	0
3884	1	0.1049	0
3885	1	0.120852	0
3886	1	0.133493	1
3887	1	0.133493	1
3888	1	0.111228	0
3889	1	0.107614	0
3890	1	0.101075	0
3891	1	0.111228	0
3892	1	0.120852	0
3893	1	0.120852	0
3894	1	0.120852	0
3895	1	0.0444775	1
3896	1	0.0444775	1
3897	1	0.110914	1
3898	1	0.113377	1
3899	1	0.110914	1
3900	1	0.111228	0
3901	1	0.110914	1
3902	1	0.1049	0
3903	1	0.120852	0
3904	1	0.120852	0
3905	1	0.133493	1
3906	1	0.120852	0
3907	1	0.107614	0
3908	1	0.107614	0
3909	1	0.101075	0
3910	1	0.133493	1
3911	1	0.110914	1
3912	1	0.113377	1
3913	1	0.113377	1
3914	1	0.120852	0
3915	1	0.110914	1
3916	1	0.107614	0
3917	1	0.133493	1
3918	1	0.111228	0
3919	1	0.1049	0
3920	1	0.111228	0
3921	1	0.101075	0
3922	1	0.113377	1
3923	1	0.107614	0
3924	1	0.0444775	1
3925	1	0.113377	1
3926	1	0.110914	1
3927	1	0.1049	0
3928	1	0.133493	1
3929	1	0.0300151	1
3930	1	0.101075	0
3931	1	0.0444775	1
3932	1	0.0167767	1
3933	1	0.0444775	1
3934	1	0.107614	0
3935	1	0.111228	0
3936	1	0.101075	0
3937	1	0.110914	1
3938	1	0.120852	0
3939	1	0.111228	0
3940	1	0.133493	1
3941	1	0.113377	1
3942	1	0.107614	0
3943	1	0.101075	0
3944	1	0.133493	1
3945	1	0.1049	0
3946	1	0.133493	1
3947	1	0.133493	1
3948	1	0.111228	0
3949	1	0.113377	1
3950	1	0.101075	0
3951	1	0.107614	0
3952	1	0.110914	1
3953	1	0.0444775	1
3954	1	0.110914	1
3955	1	0.107614	0
3956	1	0.111228	0
3957	1	0.113377	1
3958	1	0.113377	1
3959	1	0.0444775	1
3960	1	0.120852	0
3961	1	0.1049	0
3962	1	0.0167767	1
3963	1	0.107614	0
3964	1	0.101075	0
3965	1	0.110914	1
3966	1	0.120852	0
3967	1	0.111228	0
3968	1	0.133493	1
3969	1	0.1049	0
3970	1	0.110914	1
3971	1	0.133493	1
3972	1	0.110914	1
3973	1	0.101075	0
3974	1	0.0444775	1
3975	1	0.110914	1
3976	1	0.110914	1
3977	1	0.113377	1
3978	1	0.111228	0
3979	1	0.120852	0
3980	1	0.107614	0
3981	1	0.101075	0
3982	1	0.101075	0
3983	1	0.110914	1
3984	1	0.107614	0
3985	1	0.133493	1
3986	1	0.120852	0
3987	1	0.101075	0
3988	1	0.133493	1
3989	1	0.107614	0
3990	1	0.133493	1
3991	1	0.120852	0
3992	1	0.120852	0
3993	1	0.107614	0
3994	1	0.0300151	1
3995	1	0.133493	1
3996	1	0.1049	0
3997	1	0.133493	1
3998	1	0.113377	1
3999	1	0.101075	0
4000	1	0.110914	1
4001	1	0.0444775	1
4002	1	0.133493	1
4003	1	0.0300151	1
4004	1	0.101075	0
4005	1	0.120852	0
4006	1	0.110914	1
4007	1	0.113377	1
4008	1	0.111228	0
4009	1	0.1049	0
4010	1	0.111228	0
4011	1	0.107614	0
4012	1	0.133493	1
4013	1	0.1049	0
4014	1	0.101075	0
4015	1	0.133493	1
4016	1	0.111228	0
4017	1	0.133493	1
4018	1	0.120852	0
4019	1	0.101075	0
4020	1	0.1049	0
4021	1	0.111228	0
4022	1	0.120852	0
4023	1	0.111228	0
4024	1	0.0444775	1
4025	1	0.111228	0
4026	1	0.133493	1
4027	1	0.113377	1
4028	1	0.0300151	1
4029	1	0.133493	1
4030	1	0.110914	1
4031	1	0.120852	0
4032	1	0.110914	1
4033	1	0.120852	0
4034	1	0.107614	0
4035	1	0.110914	1
4036	1	0.113377	1
4037	1	0.1049	0
4038	1	0.107614	0
4039	1	0.107614	0
4040	1	0.107614	0
4041	1	0.1049	0
4042	1	0.0167767	1
4043	1	0.1049	0
4044	1	0.133493	1
4045	1	0.120852	0
4046	1	0.133493	1
4047	1	0.133493	1
4048	1	0.113377	1
4049	1	0.101075	0
4050	1	0.113377	1
4051	1	0.110914	1
4052	1	0.1049	0
4053	1	0.113377	1
4054	1	0.110914	1
4055	1	0.113377	1
4056	1	0.107614	0
4057	1	0.133493	1
4058	1	0.110914	1
4059	1	0.133493	1
4060	1	0.107614	0
4061	1	0.120852	0
4062	1	0.101075	0
4063	1	0.1049	0
4064	1	0.113377	1
4065	1	0.111228	0
4066	1	0.133493	1
4067	1	0.111228	0
4068	1	0.113377	1
4069	1	0.111228	0
4070	1	0.120852	0
4071	1	0.111228	0
4072	1	0.111228	0
4073	1	0.111228	0
4074	1	0.107614	0
4075	1	0.107614	0
4076	1	0.101075	0
4077	1	0.101075	0
4078	1	0.110914	1
4079	1	0.0300151	1
4080	1	0.133493	1
4081	1	0.111228	0
4082	1	0.0444775	1
4083	1	0.120852	0
4084	1	0.101075	0
4085	1	0.101075	0
4086	1	0.101075	0
4087	1	0.120852	0
4088	1	0.101075	0
4089	1	0.1049	0
4090	1	0.101075	0
4091	1	0.120852	0
4092	1	0.101075	0
4093	1	0.110914	1
4094	1	0.1049	0
4095	1	0.111228	0
4096	1	0.0444775	1
4097	1	0.107614	0
4098	1	0.101075	0
4099	1	0.120852	0
4100	1	0.111228	0
4101	1	0.113377	1
4102	1	0.110914	1
4103	1	0.110914	1
4104	1	0.110914	1
4105	1	0.1049	0
4106	1	0.1049	0
4107	1	0.110914	1
4108	1	0.133493	1
4109	1	0.107614	0
4110	1	0.101075	0
4111	1	0.111228	0
4112	1	0.1049	0
4113	1	0.101075	0
4114	1	0.133493	1
4115	1	0.110914	1
4116	1	0.133493	1
4117	1	0.113377	1
4118	1	0.133493	1
4119	1	0.120852	0
4120	1	0.111228	0
4121	1	0.111228	0
4122	1	0.0167767	1
4123	1	0.101075	0
4124	1	0.107614	0
4125	1	0.107614	0
4126	1	0.133493	1
4127	1	0.120852	0
4128	1	0.111228	0
4129	1	0.113377	1
4130	1	0.107614	0
4131	1	0.110914	1
4132	1	0.101075	0
4133	1	0.107614	0
4134	1	0.101075	0
4135	1	0.113377	1
4136	1	0.107614	0
4137	1	0.120852	0
4138	1	0.1049	0
4139	1	0.113377	1
4140	1	0.111228	0
4141	1	0.107614	0
4142	1	0.0300151	1
4143	1	0.1049	0
4144	1	0.120852	0
4145	1	0.120852	0
4146	1	0.133493	1
4147	1	0.0300151	1
4148	1	0.107614	0
4149	1	0.1049	0
4150	1	0.133493	1
4151	1	0.113377	1
4152	1	0.0300151	1
4153	1	0.1049	0
4154	1	0.0167767	1
4155	1	0.120852	0
4156	1	0.0167767	1
4157	1	0.107614	0
4158	1	0.107614	0
4159	1	0.120852	0
4160	1	0.110914	1
4161	1	0.133493	1
4162	1	0.120852	0
4163	1	0.111228	0
4164	1	0.101075	0
4165	1	0.101075	0
4166	1	0.107614	0
4167	1	0.110914	1
4168	1	0.113377	1
4169	1	0.0300151	1
4170	1	0.107614	0
4171	1	0.101075	0
4172	1	0.0444775	1
4173	1	0.101075	0
4174	1	0.107614	0
4175	1	0.101075	0
4176	1	0.0444775	1
4177	1	0.101075	0
4178	1	0.1049	0
4179	1	0.111228	0
4180	1	0.107614	0
4181	1	0.133493	1
4182	1	0.113377	1
4183	1	0.111228	0
4184	1	0.133493	1
4185	1	0.110914	1
4186	1	0.111228	0
4187	1	0.107614	0
4188	1	0.107614	0
4189	1	0.133493	1
4190	1	0.0300151	1
4191	1	0.101075	0
4192	1	0.113377	1
4193	1	0.133493	1
4194	1	0.120852	0
4195	1	0.1049	0
4196	1	0.111228	0
4197	1	0.120852	0
4198	1	0.113377	1
4199	1	0.0444775	1
4200	1	0.120852	0
4201	1	0.107614	0
4202	1	0.133493	1
4203	1	0.113377	1
4204	1	0.1049	0
4205	1	0.101075	0
4206	1	0.0444775	1
4207	1	0.0444775	1
4208	1	0.113377	1
4209	1	0.120852	0
4210	1	0.101075	0
4211	1	0.111228	0
4212	1	0.0300151	1
4213	1	0.120852	0
4214	1	0.0167767	1
4215	1	0.113377	1
4216	1	0.101075	0
4217	1	0.120852	0
4218	1	0.107614	0
4219	1	0.113377	1
4220	1	0.110914	1
4221	1	0.1049	0
4222	1	0.113377	1
4223	1	0.1049	0
4224	1	0.113377	1
4225	1	0.113377	1
4226	1	0.101075	0
4227	1	0.1049	0
4228	1	0.0444775	1
4229	1	0.1049	0
4230	1	0.1049	0
4231	1	0.113377	1
4232	1	0.0444775	1
4233	1	0.110914	1
4234	1	0.111228	0
4235	1	0.133493	1
4236	1	0.110914	1
4237	1	0.120852	0
4238	1	0.110914	1
4239	1	0.111228	0
4240	1	0.110914	1
4241	1	0.110914	1
4242	1	0.113377	1
4243	1	0.133493	1
4244	1	0.113377	1
4245	1	0.120852	0
4246	1	0.101075	0
4247	1	0.120852	0
4248	1	0.107614	0
4249	1	0.120852	0
4250	1	0.110914	1
4251	1	0.111228	0
4252	1	0.133493	1
4253	1	0.120852	0
4254	1	0.111228	0
4255	1	0.0444775	1
4256	1	0.133493	1
4257	1	0.133493	1
4258	1	0.101075	0
4259	1	0.110914	1
4260	1	0.1049	0
4261	1	0.107614	0
4262	1	0.111228	0
4263	1	0.111228	0
4264	1	0.110914	1
4265	1	0.111228	0
4266	1	0.133493	1
4267	1	0.0300151	1
4268	1	0.133493	1
4269	1	0.120852	0
4270	1	0.120852	0
4271	1	0.0300151	1
4272	1	0.133493	1
4273	1	0.0300151	1
4274	1	0.0444775	1
4275	1	0.133493	1
4276	1	0.107614	0
4277	1	0.107614	0
4278	1	0.111228	0
4279	1	0.110914	1
4280	1	0.101075	0
4281	1	0.113377	1
4282	1	0.101075	0
4283	1	0.133493	1
4284	1	0.133493	1
4285	1	0.133493	1
4286	1	0.107614	0
4287	1	0.110914	1
4288	1	0.133493	1
4289	1	0.120852	0
4290	1	0.111228	0
4291	1	0.107614	0
4292	1	0.120852	0
4293	1	0.0300151	1
4294	1	0.133493	1
4295	1	0.120852	0
4296	1	0.113377	1
4297	1	0.133493	1
4298	1	0.110914	1
4299	1	0.120852	0
4300	1	0.110914	1
4301	1	0.120852	0
4302	1	0.101075	0
4303	1	0.107614	0
4304	1	0.111228	0
4305	1	0.0444775	1
4306	1	0.113377	1
4307	1	0.0444775	1
4308	1	0.101075	0
4309	1	0.120852	0
4310	1	0.133493	1
4311	1	0.113377	1
4312	1	0.110914	1
4313	1	0.1049	0
4314	1	0.101075	0
